BLCODE,SUB,AGE,SEX,YEAR,DAY,TIME,ASH,PRXY_TSA,TSA,MCI,VENT,AVM,COMF,ACT10,ACT20,ACT30,ACT60,MET,CLO,UPHOLST,INSUL,TA_H,TA_M,TA_L,DEWPT,PRTA-B,TG_H,TG_M,TG_L,VEL_H,VEL_M,VEL_L,TURB_H,TURB_M,TURB_L,TAAV,TRAV,TOP,VELAV,VELMAX,TUAV,PA,RH,ET,SET,TSENS,DISC,PMV,PPD,PD_H,PD_M,PD_L,PD_MAX,PCC,PCC_AG,PCS,PCEC1,PCEC2,PCEC3,PCEC4,PCEC5,PCEC6,PCEC7,PCED1,PCED2,PCED3,PCED4,PCED5,PCED6,PCED7,day15_ta,day06_ta,dayav_ta,day15_rh,day06_rh,dayav_rh,day15_et,day06_et,dayav_et3,310,35,0,1994,287,12.00,2,1,.,1,.,.,.,.,.,.,.,.,0.62,0.15,0.77,.,24.1,.,.,.,.,.,.,.,.,.,.,.,.,24.1,.,.,.,.,.,.,26.8,23.7,25.2,-0.01,-0.01,0.02,0.05,.,0.12729167,.,0.12729167,.,.,.,.,.,.,.,.,.,.,.,.,.,.,.,.,.,13.6,12.3,12.95,52.6,59.7,56.15,13.6,12.3,12.953,651,35,0,1994,287,12.00,-1,2,.,2,.,.,.,.,.,.,.,.,1.04,0.15,1.19,.,23.4,.,.,.,.,.,.,.,.,.,.,.,.,23.4,.,.,.,.,.,.,33.6,22.9,27.6,0.37,0.6,0.43,0.09,.,0.136292091,.,0.136292091,.,.,.,.,.,.,.,.,.,.,.,.,.,.,.,.,.,13.6,12.3,12.95,52.6,59.7,56.15,13.6,12.3,12.953,1000,25,0,1994,287,12.00,1,2,.,2,.,.,.,.,.,.,.,.,0.62,0.15,0.77,.,24.1,.,.,.,.,.,.,.,.,.,.,.,.,24.1,.,.,.,.,.,.,26.8,23.7,25.2,-0.01,-0.01,0.02,0.05,.,0.12729167,.,0.12729167,.,.,.,.,.,.,.,.,.,.,.,.,.,.,.,.,.,13.6,12.3,12.95,52.6,59.7,56.15,13.6,12.3,12.953,1155,45,1,1994,287,12.00,0,2,.,2,.,.,.,.,.,.,.,.,0.5,0.15,0.65,.,24.1,.,.,.,.,.,.,.,.,.,.,.,.,24.1,.,.,.,.,.,.,27.8,23.8,24.4,-0.04,-0.04,-0.18,0.06,.,0.12729167,.,0.12729167,.,.,.,.,.,.,.,.,.,.,.,.,.,.,.,.,.,13.6,12.3,12.95,52.6,59.7,56.15,13.6,12.3,12.953,1617,25,1,1994,287,12.00,1,2,.,2,.,.,.,.,.,.,.,.,0.75,0.15,0.9,.,24.8,.,.,.,.,.,.,.,.,.,.,.,.,24.8,.,.,.,.,.,.,40.5,24.5,27,0.32,0.47,0.46,0.09,.,0.118291249,.,0.118291249,.,.,.,.,.,.,.,.,.,.,.,.,.,.,.,.,.,13.6,12.3,12.95,52.6,59.7,56.15,13.6,12.3,12.953,154,.,.,1994,287,13.00,2,1,.,1,.,.,.,.,.,.,.,.,0.88,0.15,1.03,.,22.7,.,.,.,.,.,.,.,.,.,.,.,.,22.7,.,.,.,.,.,.,32,22.3,25.9,0.06,0.13,0.09,0.05,.,0.145292512,.,0.145292512,.,.,.,.,.,.,.,.,.,.,.,.,.,.,.,.,.,13.6,13.6,13.6,52.6,52.6,52.6,13.6,13.6,13.63,927,25,1,1994,287,13.00,2,1,.,1,.,.,.,.,.,.,.,.,0.5,0.15,0.65,.,23.4,.,.,.,.,.,.,.,.,.,.,.,.,23.4,.,.,.,.,.,.,28,23.1,23.7,-0.07,-0.07,-0.37,0.08,.,0.136292091,.,0.136292091,.,.,.,.,.,.,.,.,.,.,.,.,.,.,.,.,.,13.6,13.6,13.6,52.6,52.6,52.6,13.6,13.6,13.63,1069,35,1,1994,287,13.00,-1,2,.,3,.,.,.,.,.,.,.,.,0.92,0.15,1.07,.,22.3,.,.,.,.,.,.,.,.,.,.,.,.,22.3,.,.,.,.,.,.,32.5,22,25.8,0.04,0.11,0.06,0.05,.,0.15043561,.,0.15043561,.,.,.,.,.,.,.,.,.,.,.,.,.,.,.,.,.,13.6,13.6,13.6,52.6,52.6,52.6,13.6,13.6,13.63,1329,25,1,1994,287,13.00,1,2,.,2,.,.,.,.,.,.,.,.,0.75,0.15,0.9,.,22,.,.,.,.,.,.,.,.,.,.,.,.,22,.,.,.,.,.,.,30.1,21.8,24.3,-0.05,-0.05,-0.27,0.07,.,0.154292933,.,0.154292933,.,.,.,.,.,.,.,.,.,.,.,.,.,.,.,.,.,13.6,13.6,13.6,52.6,52.6,52.6,13.6,13.6,13.63,1618,25,1,1994,287,17.00,0,2,.,2,.,.,.,.,.,.,.,.,0.75,0.15,0.9,.,22,.,.,.,.,.,.,.,.,.,.,.,.,22,.,.,.,.,.,.,32,21.8,24.4,-0.04,-0.04,-0.26,0.06,.,0.154292933,.,0.154292933,.,.,.,.,.,.,.,.,.,.,.,.,.,.,.,.,.,13.6,15.1,14.35,52.6,37.5,45.05,13.6,15,14.32,656,45,0,1994,290,10.00,-1,2,.,3,.,.,.,.,.,.,.,.,0.64,0.15,0.79,.,23.6,.,.,.,.,.,.,.,.,.,.,.,.,23.6,.,.,.,.,.,.,19,23.2,24.9,-0.02,-0.02,-0.13,0.05,.,0.133720542,.,0.133720542,.,.,.,.,.,.,.,.,.,.,.,.,.,.,.,.,.,14.4,6.9,10.65,38.9,69.2,54.05,14.3,6.9,10.62,657,45,0,1994,290,12.00,0,2,.,2,.,.,.,.,.,.,.,.,0.64,0.15,0.79,.,23.6,.,.,.,.,.,.,.,.,.,.,.,.,23.6,.,.,.,.,.,.,19.8,23.2,24.9,-0.02,-0.02,-0.12,0.05,.,0.133720542,.,0.133720542,.,.,.,.,.,.,.,.,.,.,.,.,.,.,.,.,.,14.4,11.4,12.9,38.9,47.6,43.25,14.3,11.4,12.852,658,45,0,1994,290,12.00,0,2,.,2,.,.,.,.,.,.,.,.,0.64,0.15,0.79,.,23.6,.,.,.,.,.,.,.,.,.,.,.,.,23.6,.,.,.,.,.,.,19.8,23.2,24.9,-0.02,-0.02,-0.12,0.05,.,0.133720542,.,0.133720542,.,.,.,.,.,.,.,.,.,.,.,.,.,.,.,.,.,14.4,11.4,12.9,38.9,47.6,43.25,14.3,11.4,12.851,187,45,0,1994,290,13.00,1,2,.,1,.,.,.,.,.,.,.,.,0.64,0.15,0.79,.,24.1,.,.,.,.,.,.,.,.,.,.,.,.,24.1,.,.,.,.,.,.,25.1,23.6,25.3,0,0,0.03,0.05,.,0.12729167,.,0.12729167,.,.,.,.,.,.,.,.,.,.,.,.,.,.,.,.,.,14.4,13.3,13.85,38.9,45,41.95,14.3,13.2,13.751,328,35,0,1994,290,13.00,0,2,.,2,.,.,.,.,.,.,.,.,0.7,0.15,0.85,.,24.1,.,.,.,.,.,.,.,.,.,.,.,.,24.1,.,.,.,.,.,.,25.1,23.6,25.7,0.05,0.1,0.12,0.05,.,0.12729167,.,0.12729167,.,.,.,.,.,.,.,.,.,.,.,.,.,.,.,.,.,14.4,13.3,13.85,38.9,45,41.95,14.3,13.2,13.751,519,35,0,1994,290,13.00,1,2,.,1,.,.,.,.,.,.,.,.,0.62,0.15,0.77,.,24.1,.,.,.,.,.,.,.,.,.,.,.,.,24.1,.,.,.,.,.,.,25.1,23.7,25.2,-0.01,-0.01,0,0.05,.,0.12729167,.,0.12729167,.,.,.,.,.,.,.,.,.,.,.,.,.,.,.,.,.,14.4,13.3,13.85,38.9,45,41.95,14.3,13.2,13.751,596,35,0,1994,290,13.00,1,2,.,1,.,.,.,.,.,.,.,.,0.49,0.15,0.64,.,24.1,.,.,.,.,.,.,.,.,.,.,.,.,24.1,.,.,.,.,.,.,25.1,23.8,24.3,-0.05,-0.05,-0.22,0.06,.,0.12729167,.,0.12729167,.,.,.,.,.,.,.,.,.,.,.,.,.,.,.,.,.,14.4,13.3,13.85,38.9,45,41.95,14.3,13.2,13.753,7,35,0,1994,290,13.00,0,2,.,2,.,.,.,.,.,.,.,.,0.62,0.15,0.77,.,23,.,.,.,.,.,.,.,.,.,.,.,.,23,.,.,.,.,.,.,23.4,22.7,24.2,-0.05,-0.05,-0.29,0.07,.,0.141435189,.,0.141435189,.,.,.,.,.,.,.,.,.,.,.,.,.,.,.,.,.,14.4,13.3,13.85,38.9,45,41.95,14.3,13.2,13.753,271,45,0,1994,290,13.00,-1,2,.,3,.,.,.,.,.,.,.,.,1.72,0.15,1.87,.,22.3,.,.,.,.,.,.,.,.,.,.,.,.,22.3,.,.,.,.,.,.,24.7,21.1,30.4,0.71,1.41,0.71,0.16,.,0.15043561,.,0.15043561,.,.,.,.,.,.,.,.,.,.,.,.,.,.,.,.,.,14.4,13.3,13.85,38.9,45,41.95,14.3,13.3,13.83,928,25,1,1994,290,13.00,2,1,.,1,.,.,.,.,.,.,.,.,0.63,0.15,0.78,.,23,.,.,.,.,.,.,.,.,.,.,.,.,23,.,.,.,.,.,.,23.4,22.7,24.3,-0.05,-0.05,-0.27,0.07,.,0.141435189,.,0.141435189,.,.,.,.,.,.,.,.,.,.,.,.,.,.,.,.,.,14.4,13.3,13.85,38.9,45,41.95,14.3,13.2,13.753,1001,25,0,1994,290,13.00,0,2,.,2,.,.,.,.,.,.,.,.,0.62,0.15,0.77,.,23,.,.,.,.,.,.,.,.,.,.,.,.,23,.,.,.,.,.,.,22.6,22.7,24.2,-0.05,-0.05,-0.29,0.07,.,0.141435189,.,0.141435189,.,.,.,.,.,.,.,.,.,.,.,.,.,.,.,.,.,14.4,13.3,13.85,38.9,45,41.95,14.3,13.2,13.753,1070,35,1,1994,290,13.00,-2,1,.,3,.,.,.,.,.,.,.,.,1.05,0.15,1.2,.,22.3,.,.,.,.,.,.,.,.,.,.,.,.,22.3,.,.,.,.,.,.,24.7,21.7,26.6,0.18,0.3,0.16,0.06,.,0.15043561,.,0.15043561,.,.,.,.,.,.,.,.,.,.,.,.,.,.,.,.,.,14.4,13.3,13.85,38.9,45,41.95,14.3,13.2,13.753,1712,45,1,1994,290,13.00,-3,1,.,1,.,.,.,.,.,.,.,.,0.84,0.15,0.99,.,22.3,.,.,.,.,.,.,.,.,.,.,.,.,22.3,.,.,.,.,.,.,24.7,21.9,25.2,-0.01,-0.01,-0.1,0.05,.,0.15043561,.,0.15043561,.,.,.,.,.,.,.,.,.,.,.,.,.,.,.,.,.,14.4,13.3,13.85,38.9,45,41.95,14.3,13.2,13.753,1893,.,.,1994,290,13.00,-1,2,.,2,.,.,.,.,.,.,.,.,0.87,0.15,1.02,.,22.3,.,.,.,.,.,.,.,.,.,.,.,.,22.3,.,.,.,.,.,.,24.7,21.9,25.4,-0.01,-0.01,-0.06,0.05,.,0.15043561,.,0.15043561,.,.,.,.,.,.,.,.,.,.,.,.,.,.,.,.,.,14.4,13.3,13.85,38.9,45,41.95,14.3,13.2,13.753,1972,25,1,1994,290,13.00,0,2,.,2,.,.,.,.,.,.,.,.,0.42,0.15,0.57,.,23,.,.,.,.,.,.,.,.,.,.,.,.,23,.,.,.,.,.,.,22.6,22.7,22.6,-0.13,-0.13,-0.68,0.15,.,0.141435189,.,0.141435189,.,.,.,.,.,.,.,.,.,.,.,.,.,.,.,.,.,14.4,13.3,13.85,38.9,45,41.95,14.3,13.2,13.754,2,35,1,1994,290,13.00,-1,2,.,2,.,.,.,.,.,.,.,.,0.76,0.15,0.91,.,23.4,.,.,.,.,.,.,.,.,.,.,.,.,23.4,.,.,.,.,.,.,20.3,22.8,25.5,0,0,0.01,0.05,.,0.136292091,.,0.136292091,.,.,.,.,.,.,.,.,.,.,.,.,.,.,.,.,.,14.4,13.3,13.85,38.9,45,41.95,14.3,13.2,13.751,249,45,1,1994,290,14.00,0,2,.,2,.,.,.,.,.,.,.,.,0.89,0.15,1.04,.,24.1,.,.,.,.,.,.,.,.,.,.,.,.,24.1,.,.,.,.,.,.,22.5,23.3,26.9,0.29,0.41,0.34,0.07,.,0.12729167,.,0.12729167,.,.,.,.,.,.,.,.,.,.,.,.,.,.,.,.,.,14.4,15.4,14.9,38.9,38.1,38.5,14.3,15.3,14.81,454,45,0,1994,290,14.00,0,2,.,2,.,.,.,.,.,.,.,.,1.06,0.15,1.21,.,24.1,.,.,.,.,.,.,.,.,.,.,.,.,24.1,.,.,.,.,.,.,22.5,23.1,27.9,0.46,0.69,0.52,0.11,.,0.12729167,.,0.12729167,.,.,.,.,.,.,.,.,.,.,.,.,.,.,.,.,.,14.4,15.4,14.9,38.9,38.1,38.5,14.3,15.3,14.81,520,35,0,1994,290,14.00,2,1,.,1,.,.,.,.,.,.,.,.,0.62,0.15,0.77,.,24.1,.,.,.,.,.,.,.,.,.,.,.,.,24.1,.,.,.,.,.,.,22.5,23.6,25.2,-0.01,-0.01,-0.01,0.05,.,0.12729167,.,0.12729167,.,.,.,.,.,.,.,.,.,.,.,.,.,.,.,.,.,14.4,15.4,14.9,38.9,38.1,38.5,14.3,15.3,14.81,521,35,0,1994,290,14.00,2,1,.,1,.,.,.,.,.,.,.,.,0.62,0.15,0.77,.,24.1,.,.,.,.,.,.,.,.,.,.,.,.,24.1,.,.,.,.,.,.,22.5,23.6,25.2,-0.01,-0.01,-0.01,0.05,.,0.12729167,.,0.12729167,.,.,.,.,.,.,.,.,.,.,.,.,.,.,.,.,.,14.4,15.4,14.9,38.9,38.1,38.5,14.3,15.3,14.82,659,45,0,1994,290,14.00,1,2,.,1,.,.,.,.,.,.,.,.,0.69,0.15,0.84,.,23.2,.,.,.,.,.,.,.,.,.,.,.,.,23.2,.,.,.,.,.,.,19.1,22.8,24.9,-0.02,-0.02,-0.15,0.05,.,0.13886364,.,0.13886364,.,.,.,.,.,.,.,.,.,.,.,.,.,.,.,.,.,14.4,15.4,14.9,38.9,38.1,38.5,14.3,15.3,14.83,447,35,0,1994,290,14.00,1,2,.,2,.,.,.,.,.,.,.,.,0.62,0.15,0.77,.,23,.,.,.,.,.,.,.,.,.,.,.,.,23,.,.,.,.,.,.,24.9,22.7,24.2,-0.05,-0.05,-0.27,0.07,.,0.141435189,.,0.141435189,.,.,.,.,.,.,.,.,.,.,.,.,.,.,.,.,.,14.4,15.4,14.9,38.9,38.1,38.5,14.3,15.3,14.83,708,35,0,1994,290,14.00,0,2,.,2,.,.,.,.,.,.,.,.,0.62,0.15,0.77,.,21.3,.,.,.,.,.,.,.,.,.,.,.,.,21.3,.,.,.,.,.,.,28.8,21.1,22.7,-0.13,-0.13,-0.67,0.15,.,0.163293354,.,0.163293354,.,.,.,.,.,.,.,.,.,.,.,.,.,.,.,.,.,14.4,15.4,14.9,38.9,38.1,38.5,14.3,15.3,14.83,857,35,0,1994,290,14.00,1,2,.,1,.,.,.,.,.,.,.,.,0.7,0.15,0.85,.,23,.,.,.,.,.,.,.,.,.,.,.,.,23,.,.,.,.,.,.,24.9,22.7,24.8,-0.02,-0.02,-0.14,0.05,.,0.141435189,.,0.141435189,.,.,.,.,.,.,.,.,.,.,.,.,.,.,.,.,.,14.4,15.4,14.9,38.9,38.1,38.5,14.3,15.3,14.83,1619,25,1,1994,290,14.00,-1,2,.,3,.,.,.,.,.,.,.,.,0.71,0.15,0.86,.,22.3,.,.,.,.,.,.,.,.,.,.,.,.,22.3,.,.,.,.,.,.,29.4,22.1,24.3,-0.05,-0.05,-0.27,0.07,.,0.15043561,.,0.15043561,.,.,.,.,.,.,.,.,.,.,.,.,.,.,.,.,.,14.4,15.4,14.9,38.9,38.1,38.5,14.3,15.3,14.83,1002,25,0,1994,290,17.00,0,2,.,2,.,.,.,.,.,.,.,.,0.96,0.15,1.11,.,22.3,.,.,.,.,.,.,.,.,.,.,.,.,22.3,.,.,.,.,.,.,27.7,21.8,26,0.08,0.15,0.08,0.05,.,0.15043561,.,0.15043561,.,.,.,.,.,.,.,.,.,.,.,.,.,.,.,.,.,14.4,13.5,13.95,38.9,39.4,39.15,14.3,13.4,13.853,1620,25,1,1994,290,17.00,0,2,.,2,.,.,.,.,.,.,.,.,0.71,0.15,0.86,.,22,.,.,.,.,.,.,.,.,.,.,.,.,22,.,.,.,.,.,.,31.5,21.8,24.1,-0.06,-0.06,-0.32,0.07,.,0.154292933,.,0.154292933,.,.,.,.,.,.,.,.,.,.,.,.,.,.,.,.,.,14.4,13.5,13.95,38.9,39.4,39.15,14.3,13.4,13.851,522,35,0,1994,291,12.00,1,2,.,1,.,.,.,.,.,.,.,.,0.49,0.15,0.64,.,24.1,.,.,.,.,.,.,.,.,.,.,.,.,24.1,.,.,.,.,.,.,26.6,23.8,24.3,-0.04,-0.04,-0.21,0.06,.,0.12729167,.,0.12729167,.,.,.,.,.,.,.,.,.,.,.,.,.,.,.,.,.,10.6,10.2,10.4,62.2,64.7,63.45,10.6,10.3,10.452,661,45,0,1994,291,12.00,-1,2,.,3,.,.,.,.,.,.,.,.,0.64,0.15,0.79,.,23.6,.,.,.,.,.,.,.,.,.,.,.,.,23.6,.,.,.,.,.,.,23,23.3,24.9,-0.02,-0.02,-0.1,0.05,.,0.133720542,.,0.133720542,.,.,.,.,.,.,.,.,.,.,.,.,.,.,.,.,.,10.6,10.2,10.4,62.2,64.7,63.45,10.6,10.3,10.453,272,45,0,1994,291,12.00,-1,2,.,2,.,.,.,.,.,.,.,.,0.96,0.15,1.11,.,22,.,.,.,.,.,.,.,.,.,.,.,.,22,.,.,.,.,.,.,29.9,21.6,25.8,0.03,0.09,0.03,0.05,.,0.154292933,.,0.154292933,.,.,.,.,.,.,.,.,.,.,.,.,.,.,.,.,.,10.6,10.2,10.4,62.2,64.7,63.45,10.6,10.3,10.453,652,35,0,1994,291,12.00,-1,2,.,2,.,.,.,.,.,.,.,.,0.74,0.15,0.89,.,20.6,.,.,.,.,.,.,.,.,.,.,.,.,20.6,.,.,.,.,.,.,35.4,20.4,23,-0.11,-0.11,-0.58,0.12,.,0.172293776,.,0.172293776,.,.,.,.,.,.,.,.,.,.,.,.,.,.,.,.,.,10.6,10.2,10.4,62.2,64.7,63.45,10.6,10.3,10.453,1071,35,1,1994,291,12.00,0,2,.,2,.,.,.,.,.,.,.,.,0.97,0.15,1.12,.,22,.,.,.,.,.,.,.,.,.,.,.,.,22,.,.,.,.,.,.,29.9,21.6,25.9,0.04,0.11,0.04,0.05,.,0.154292933,.,0.154292933,.,.,.,.,.,.,.,.,.,.,.,.,.,.,.,.,.,10.6,10.2,10.4,62.2,64.7,63.45,10.6,10.3,10.453,1713,45,1,1994,291,12.00,-1,2,.,2,.,.,.,.,.,.,.,.,0.5,0.15,0.65,.,22,.,.,.,.,.,.,.,.,.,.,.,.,22,.,.,.,.,.,.,29.9,21.8,22.4,-0.14,-0.14,-0.74,0.17,.,0.154292933,.,0.154292933,.,.,.,.,.,.,.,.,.,.,.,.,.,.,.,.,.,10.6,10.2,10.4,62.2,64.7,63.45,10.6,10.3,10.454,3,35,1,1994,291,12.00,-2,1,.,.,.,.,.,.,.,.,.,.,0.63,0.15,0.78,.,22.3,.,.,.,.,.,.,.,.,.,.,.,.,22.3,.,.,.,.,.,.,25.6,22,23.7,-0.08,-0.08,-0.43,0.09,.,0.15043561,.,0.15043561,.,.,.,.,.,.,.,.,.,.,.,.,.,.,.,.,.,10.6,10.2,10.4,62.2,64.7,63.45,10.6,10.3,10.453,1454,45,1,1994,291,13.00,-2,1,.,3,.,.,.,.,.,.,.,.,0.56,0.15,0.71,.,20.2,.,.,.,.,.,.,.,.,.,.,.,.,20.2,.,.,.,.,.,.,35.1,20,21.2,-0.21,-0.21,-1.05,0.28,.,0.177436873,.,0.177436873,.,.,.,.,.,.,.,.,.,.,.,.,.,.,.,.,.,10.6,10.6,10.6,62.2,62.2,62.2,10.6,10.6,10.63,1973,25,1,1994,291,13.00,-2,1,.,3,.,.,.,.,.,.,.,.,0.58,0.15,0.73,.,21.3,.,.,.,.,.,.,.,.,.,.,.,.,21.3,.,.,.,.,.,.,32.8,21.1,22.4,-0.14,-0.14,-0.73,0.16,.,0.163293354,.,0.163293354,.,.,.,.,.,.,.,.,.,.,.,.,.,.,.,.,.,10.6,10.6,10.6,62.2,62.2,62.2,10.6,10.6,10.63,10,35,0,1994,292,10.00,-1,2,.,2,.,.,.,.,.,.,.,.,0.62,0.15,0.77,.,21.3,.,.,.,.,.,.,.,.,.,.,.,.,21.3,.,.,.,.,.,.,41.1,21.2,22.8,-0.11,-0.11,-0.6,0.13,.,0.163293354,.,0.163293354,.,.,.,.,.,.,.,.,.,.,.,.,.,.,.,.,.,12.1,9.3,10.7,96.5,99.2,97.85,12.4,9.5,10.953,592,55,0,1994,292,10.00,0,2,.,2,.,.,.,.,.,.,.,.,0.93,0.15,1.08,.,20.9,.,.,.,.,.,.,.,.,.,.,.,.,20.9,.,.,.,.,.,.,42.8,20.8,24.8,-0.02,-0.02,-0.17,0.06,.,0.168436452,.,0.168436452,.,.,.,.,.,.,.,.,.,.,.,.,.,.,.,.,.,12.1,9.3,10.7,96.5,99.2,97.85,12.4,9.5,10.953,653,35,0,1994,292,10.00,0,2,.,2,.,.,.,.,.,.,.,.,0.62,0.15,0.77,.,20.9,.,.,.,.,.,.,.,.,.,.,.,.,20.9,.,.,.,.,.,.,42.8,20.8,22.4,-0.13,-0.13,-0.7,0.15,.,0.168436452,.,0.168436452,.,.,.,.,.,.,.,.,.,.,.,.,.,.,.,.,.,12.1,9.3,10.7,96.5,99.2,97.85,12.4,9.5,10.953,710,35,0,1994,292,10.00,0,2,.,2,.,.,.,.,.,.,.,.,1.38,0.15,1.53,.,20.9,.,.,.,.,.,.,.,.,.,.,.,.,20.9,.,.,.,.,.,.,42.8,20.7,28,0.35,0.69,0.34,0.07,.,0.168436452,.,0.168436452,.,.,.,.,.,.,.,.,.,.,.,.,.,.,.,.,.,12.1,9.3,10.7,96.5,99.2,97.85,12.4,9.5,10.953,783,25,1,1994,292,10.00,-1,2,.,3,.,.,.,.,.,.,.,.,0.63,0.15,0.78,.,21.3,.,.,.,.,.,.,.,.,.,.,.,.,21.3,.,.,.,.,.,.,41.1,21.2,22.9,-0.11,-0.11,-0.59,0.12,.,0.163293354,.,0.163293354,.,.,.,.,.,.,.,.,.,.,.,.,.,.,.,.,.,12.1,9.3,10.7,96.5,99.2,97.85,12.4,9.5,10.953,1004,25,0,1994,292,10.00,0,2,.,2,.,.,.,.,.,.,.,.,0.62,0.15,0.77,.,20.9,.,.,.,.,.,.,.,.,.,.,.,.,20.9,.,.,.,.,.,.,40.8,20.8,22.4,-0.14,-0.14,-0.71,0.15,.,0.168436452,.,0.168436452,.,.,.,.,.,.,.,.,.,.,.,.,.,.,.,.,.,12.1,9.3,10.7,96.5,99.2,97.85,12.4,9.5,10.953,1714,45,1,1994,292,10.00,0,2,.,2,.,.,.,.,.,.,.,.,0.5,0.15,0.65,.,22,.,.,.,.,.,.,.,.,.,.,.,.,22,.,.,.,.,.,.,38.5,21.9,22.5,-0.13,-0.13,-0.69,0.15,.,0.154292933,.,0.154292933,.,.,.,.,.,.,.,.,.,.,.,.,.,.,.,.,.,12.1,9.3,10.7,96.5,99.2,97.85,12.4,9.5,10.951,122,35,0,1994,292,11.00,0,2,.,2,.,.,.,.,.,.,.,.,0.96,0.15,1.11,.,24.1,.,.,.,.,.,.,.,.,.,.,.,.,24.1,.,.,.,.,.,.,36.3,23.6,27.7,0.41,0.64,0.51,0.1,.,0.12729167,.,0.12729167,.,.,.,.,.,.,.,.,.,.,.,.,.,.,.,.,.,12.1,10.1,11.1,96.5,98.3,97.4,12.4,10.3,11.351,188,45,0,1994,292,11.00,0,2,.,2,.,.,.,.,.,.,.,.,0.64,0.15,0.79,.,24.1,.,.,.,.,.,.,.,.,.,.,.,.,24.1,.,.,.,.,.,.,36.3,23.8,25.5,0.01,0.06,0.11,0.05,.,0.12729167,.,0.12729167,.,.,.,.,.,.,.,.,.,.,.,.,.,.,.,.,.,12.1,10.1,11.1,96.5,98.3,97.4,12.4,10.3,11.351,331,35,0,1994,292,11.00,1,2,.,2,.,.,.,.,.,.,.,.,0.7,0.15,0.85,.,24.1,.,.,.,.,.,.,.,.,.,.,.,.,24.1,.,.,.,.,.,.,36.3,23.8,25.9,0.1,0.17,0.19,0.06,.,0.12729167,.,0.12729167,.,.,.,.,.,.,.,.,.,.,.,.,.,.,.,.,.,12.1,10.1,11.1,96.5,98.3,97.4,12.4,10.3,11.351,456,45,0,1994,292,11.00,1,2,.,1,.,.,.,.,.,.,.,.,1.06,0.15,1.21,.,24.1,.,.,.,.,.,.,.,.,.,.,.,.,24.1,.,.,.,.,.,.,36.3,23.6,28.3,0.5,0.82,0.61,0.13,.,0.12729167,.,0.12729167,.,.,.,.,.,.,.,.,.,.,.,.,.,.,.,.,.,12.1,10.1,11.1,96.5,98.3,97.4,12.4,10.3,11.351,523,35,0,1994,292,11.00,1,2,.,1,.,.,.,.,.,.,.,.,0.49,0.15,0.64,.,24.1,.,.,.,.,.,.,.,.,.,.,.,.,24.1,.,.,.,.,.,.,36.3,23.9,24.4,-0.04,-0.04,-0.15,0.05,.,0.12729167,.,0.12729167,.,.,.,.,.,.,.,.,.,.,.,.,.,.,.,.,.,12.1,10.1,11.1,96.5,98.3,97.4,12.4,10.3,11.353,1157,45,1,1994,292,11.00,-1,2,.,3,.,.,.,.,.,.,.,.,0.63,0.15,0.78,.,20.2,.,.,.,.,.,.,.,.,.,.,.,.,20.2,.,.,.,.,.,.,44.7,20.1,21.9,-0.17,-0.17,-0.84,0.2,.,0.177436873,.,0.177436873,.,.,.,.,.,.,.,.,.,.,.,.,.,.,.,.,.,12.1,10.1,11.1,96.5,98.3,97.4,12.4,10.3,11.353,1974,25,1,1994,292,11.00,0,2,.,2,.,.,.,.,.,.,.,.,0.58,0.15,0.73,.,21.3,.,.,.,.,.,.,.,.,.,.,.,.,21.3,.,.,.,.,.,.,42,21.2,22.5,-0.13,-0.13,-0.68,0.15,.,0.163293354,.,0.163293354,.,.,.,.,.,.,.,.,.,.,.,.,.,.,.,.,.,12.1,10.1,11.1,96.5,98.3,97.4,12.4,10.3,11.352,217,35,1,1994,292,13.00,0,2,.,2,.,.,.,.,.,.,.,.,0.63,0.15,0.78,.,23.6,.,.,.,.,.,.,.,.,.,.,.,.,23.6,.,.,.,.,.,.,37.1,23.4,25,-0.01,-0.01,-0.03,0.05,.,0.133720542,.,0.133720542,.,.,.,.,.,.,.,.,.,.,.,.,.,.,.,.,.,12.1,11.2,11.65,96.5,96.8,96.65,12.4,11.5,11.952,728,55,0,1994,292,14.00,0,2,.,2,.,.,.,.,.,.,.,.,0.62,0.15,0.77,.,23.6,.,.,.,.,.,.,.,.,.,.,.,.,23.6,.,.,.,.,.,.,38,23.4,25,-0.01,-0.01,-0.04,0.05,.,0.133720542,.,0.133720542,.,.,.,.,.,.,.,.,.,.,.,.,.,.,.,.,.,12.1,11.7,11.9,96.5,96.9,96.7,12.4,12,12.21,75,45,0,1994,292,15.00,1,2,.,1,.,.,.,.,.,.,.,.,0.96,0.15,1.11,.,24.1,.,.,.,.,.,.,.,.,.,.,.,.,24.1,.,.,.,.,.,.,39.6,23.7,27.8,0.42,0.68,0.53,0.11,.,0.12729167,.,0.12729167,.,.,.,.,.,.,.,.,.,.,.,.,.,.,.,.,.,12.1,12.1,12.1,96.5,96.5,96.5,12.4,12.4,12.41,524,35,0,1994,292,15.00,1,2,.,1,.,.,.,.,.,.,.,.,0.49,0.15,0.64,.,24.1,.,.,.,.,.,.,.,.,.,.,.,.,24.1,.,.,.,.,.,.,39.6,24,24.5,-0.03,-0.03,-0.12,0.05,.,0.12729167,.,0.12729167,.,.,.,.,.,.,.,.,.,.,.,.,.,.,.,.,.,12.1,12.1,12.1,96.5,96.5,96.5,12.4,12.4,12.41,597,35,0,1994,292,15.00,0,2,.,2,.,.,.,.,.,.,.,.,0.64,0.15,0.79,.,24.1,.,.,.,.,.,.,.,.,.,.,.,.,24.1,.,.,.,.,.,.,39.6,23.9,25.6,0.03,0.08,0.13,0.05,.,0.12729167,.,0.12729167,.,.,.,.,.,.,.,.,.,.,.,.,.,.,.,.,.,12.1,12.1,12.1,96.5,96.5,96.5,12.4,12.4,12.43,11,35,0,1994,292,15.00,0,2,.,2,.,.,.,.,.,.,.,.,0.62,0.15,0.77,.,21.6,.,.,.,.,.,.,.,.,.,.,.,.,21.6,.,.,.,.,.,.,46.1,21.6,23.2,-0.1,-0.1,-0.5,0.1,.,0.159436031,.,0.159436031,.,.,.,.,.,.,.,.,.,.,.,.,.,.,.,.,.,12.1,12.1,12.1,96.5,96.5,96.5,12.4,12.4,12.43,711,35,0,1994,292,15.00,1,2,.,2,.,.,.,.,.,.,.,.,1.51,0.15,1.66,.,21.6,.,.,.,.,.,.,.,.,.,.,.,.,21.6,.,.,.,.,.,.,46.2,21.4,29.4,0.55,1.13,0.58,0.12,.,0.159436031,.,0.159436031,.,.,.,.,.,.,.,.,.,.,.,.,.,.,.,.,.,12.1,12.1,12.1,96.5,96.5,96.5,12.4,12.4,12.43,862,35,0,1994,292,15.00,0,2,.,2,.,.,.,.,.,.,.,.,1.04,0.15,1.19,.,21.6,.,.,.,.,.,.,.,.,.,.,.,.,21.6,.,.,.,.,.,.,45.5,21.5,26.3,0.12,0.24,0.14,0.05,.,0.159436031,.,0.159436031,.,.,.,.,.,.,.,.,.,.,.,.,.,.,.,.,.,12.1,12.1,12.1,96.5,96.5,96.5,12.4,12.4,12.43,1005,25,0,1994,292,15.00,-1,2,.,2,.,.,.,.,.,.,.,.,0.62,0.15,0.77,.,20.9,.,.,.,.,.,.,.,.,.,.,.,.,20.9,.,.,.,.,.,.,46.4,20.9,22.5,-0.13,-0.13,-0.68,0.15,.,0.168436452,.,0.168436452,.,.,.,.,.,.,.,.,.,.,.,.,.,.,.,.,.,12.1,12.1,12.1,96.5,96.5,96.5,12.4,12.4,12.43,1407,45,0,1994,292,15.00,-1,2,.,3,.,.,.,.,.,.,.,.,0.96,0.15,1.11,.,21.6,.,.,.,.,.,.,.,.,.,.,.,.,21.6,.,.,.,.,.,.,45.5,21.5,25.8,0.01,0.07,0.04,0.05,.,0.159436031,.,0.159436031,.,.,.,.,.,.,.,.,.,.,.,.,.,.,.,.,.,12.1,12.1,12.1,96.5,96.5,96.5,12.4,12.4,12.43,1768,25,1,1994,292,15.00,-1,2,.,2,.,.,.,.,.,.,.,.,0.62,0.15,0.77,.,22,.,.,.,.,.,.,.,.,.,.,.,.,22,.,.,.,.,.,.,44.7,21.9,23.5,-0.08,-0.08,-0.41,0.08,.,0.154292933,.,0.154292933,.,.,.,.,.,.,.,.,.,.,.,.,.,.,.,.,.,12.1,12.1,12.1,96.5,96.5,96.5,12.4,12.4,12.43,1975,25,1,1994,292,15.00,1,2,.,2,.,.,.,.,.,.,.,.,0.58,0.15,0.73,.,20.9,.,.,.,.,.,.,.,.,.,.,.,.,20.9,.,.,.,.,.,.,46.4,20.9,22.2,-0.15,-0.15,-0.76,0.17,.,0.168436452,.,0.168436452,.,.,.,.,.,.,.,.,.,.,.,.,.,.,.,.,.,12.1,12.1,12.1,96.5,96.5,96.5,12.4,12.4,12.41,332,35,0,1994,292,16.00,2,1,.,1,.,.,.,.,.,.,.,.,0.7,0.15,0.85,.,24.5,.,.,.,.,.,.,.,.,.,.,.,.,24.5,.,.,.,.,.,.,40.2,24.2,26.4,0.2,0.3,0.32,0.07,.,0.122148572,.,0.122148572,.,.,.,.,.,.,.,.,.,.,.,.,.,.,.,.,.,12.1,12.1,12.1,96.5,97.9,97.2,12.4,12.4,12.42,729,55,0,1994,292,16.00,0,2,.,2,.,.,.,.,.,.,.,.,0.62,0.15,0.77,.,23.6,.,.,.,.,.,.,.,.,.,.,.,.,23.6,.,.,.,.,.,.,39.4,23.4,25,-0.01,-0.01,-0.03,0.05,.,0.133720542,.,0.133720542,.,.,.,.,.,.,.,.,.,.,.,.,.,.,.,.,.,12.1,12.1,12.1,96.5,97.9,97.2,12.4,12.4,12.43,158,.,.,1994,292,16.00,2,1,.,2,.,.,.,.,.,.,.,.,0.67,0.15,0.82,.,21.6,.,.,.,.,.,.,.,.,.,.,.,.,21.6,.,.,.,.,.,.,45.1,21.6,23.5,-0.08,-0.08,-0.41,0.09,.,0.159436031,.,0.159436031,.,.,.,.,.,.,.,.,.,.,.,.,.,.,.,.,.,12.1,12.1,12.1,96.5,97.9,97.2,12.4,12.4,12.43,215,35,0,1994,292,16.00,.,.,.,.,.,.,.,.,.,.,.,.,0.64,0.15,0.79,.,20.9,.,.,.,.,.,.,.,.,.,.,.,.,20.9,.,.,.,.,.,.,46.9,20.9,22.7,-0.12,-0.12,-0.63,0.13,.,0.168436452,.,0.168436452,.,.,.,.,.,.,.,.,.,.,.,.,.,.,.,.,.,12.1,12.1,12.1,96.5,97.9,97.2,12.4,12.4,12.43,593,55,0,1994,292,16.00,1,2,.,2,.,.,.,.,.,.,.,.,0.93,0.15,1.08,.,21.6,.,.,.,.,.,.,.,.,.,.,.,.,21.6,.,.,.,.,.,.,47.3,21.5,25.5,0,0,0,0.05,.,0.159436031,.,0.159436031,.,.,.,.,.,.,.,.,.,.,.,.,.,.,.,.,.,12.1,12.1,12.1,96.5,97.9,97.2,12.4,12.4,12.43,784,25,1,1994,292,16.00,0,2,.,2,.,.,.,.,.,.,.,.,0.76,0.15,0.91,.,21.6,.,.,.,.,.,.,.,.,.,.,.,.,21.6,.,.,.,.,.,.,46.1,21.6,24.2,-0.05,-0.05,-0.25,0.06,.,0.159436031,.,0.159436031,.,.,.,.,.,.,.,.,.,.,.,.,.,.,.,.,.,12.1,12.1,12.1,96.5,97.9,97.2,12.4,12.4,12.43,1158,45,1,1994,292,16.00,-2,1,.,1,.,.,.,.,.,.,.,.,0.61,0.15,0.76,.,20.6,.,.,.,.,.,.,.,.,.,.,.,.,20.6,.,.,.,.,.,.,48,20.6,22.1,-0.15,-0.15,-0.77,0.17,.,0.172293776,.,0.172293776,.,.,.,.,.,.,.,.,.,.,.,.,.,.,.,.,.,12.1,12.1,12.1,96.5,97.9,97.2,12.4,12.4,12.41,76,45,0,1994,293,11.00,0,2,.,2,.,.,.,.,.,.,.,.,1.3,0.15,1.45,.,25.2,.,.,.,.,.,.,.,.,.,.,.,.,25.2,.,.,.,.,.,.,47.7,25.1,31.2,0.87,1.73,1.09,0.3,.,0.113148151,.,0.113148151,.,.,.,.,.,.,.,.,.,.,.,.,.,.,.,.,.,19.2,16.6,17.9,77.1,99.8,88.45,19.8,17,18.41,123,35,0,1994,293,11.00,0,2,.,3,.,.,.,.,.,.,.,.,0.96,0.15,1.11,.,25.2,.,.,.,.,.,.,.,.,.,.,.,.,25.2,.,.,.,.,.,.,48.3,25.1,29.1,0.62,1.06,0.83,0.19,.,0.113148151,.,0.113148151,.,.,.,.,.,.,.,.,.,.,.,.,.,.,.,.,.,19.2,16.6,17.9,77.1,99.8,88.45,19.5,17,18.251,255,45,1,1994,293,11.00,2,1,.,1,.,.,.,.,.,.,.,.,0.57,0.15,0.72,.,25.2,.,.,.,.,.,.,.,.,.,.,.,.,25.2,.,.,.,.,.,.,48.3,25.1,26.3,0.2,0.3,0.37,0.08,.,0.113148151,.,0.113148151,.,.,.,.,.,.,.,.,.,.,.,.,.,.,.,.,.,19.2,16.6,17.9,77.1,99.8,88.45,19.5,17,18.251,333,35,0,1994,293,11.00,2,1,.,1,.,.,.,.,.,.,.,.,0.7,0.15,0.85,.,25.2,.,.,.,.,.,.,.,.,.,.,.,.,25.2,.,.,.,.,.,.,48.3,25.1,27.3,0.36,0.55,0.55,0.11,.,0.113148151,.,0.113148151,.,.,.,.,.,.,.,.,.,.,.,.,.,.,.,.,.,19.2,16.6,17.9,77.1,99.8,88.45,19.5,17,18.251,598,35,0,1994,293,11.00,1,2,.,1,.,.,.,.,.,.,.,.,0.49,0.15,0.64,.,25.2,.,.,.,.,.,.,.,.,.,.,.,.,25.2,.,.,.,.,.,.,48.3,25.2,25.7,0.08,0.14,0.25,0.06,.,0.113148151,.,0.113148151,.,.,.,.,.,.,.,.,.,.,.,.,.,.,.,.,.,19.2,16.6,17.9,77.1,99.8,88.45,19.5,17,18.253,274,45,0,1994,293,11.00,-1,2,.,2,.,.,.,.,.,.,.,.,0.62,0.15,0.77,.,22.7,.,.,.,.,.,.,.,.,.,.,.,.,22.7,.,.,.,.,.,.,55.6,22.8,24.3,-0.04,-0.04,-0.16,0.06,.,0.145292512,.,0.145292512,.,.,.,.,.,.,.,.,.,.,.,.,.,.,.,.,.,19.2,16.6,17.9,77.1,99.8,88.45,19.5,17,18.253,712,35,0,1994,293,11.00,1,2,.,1,.,.,.,.,.,.,.,.,1.08,0.15,1.23,.,21.6,.,.,.,.,.,.,.,.,.,.,.,.,21.6,.,.,.,.,.,.,56.2,21.8,26.9,0.2,0.4,0.24,0.06,.,0.159436031,.,0.159436031,.,.,.,.,.,.,.,.,.,.,.,.,.,.,.,.,.,19.2,16.6,17.9,77.1,99.8,88.45,19.5,17,18.253,929,25,1,1994,293,11.00,0,2,.,2,.,.,.,.,.,.,.,.,0.67,0.15,0.82,.,22.7,.,.,.,.,.,.,.,.,.,.,.,.,22.7,.,.,.,.,.,.,53,22.7,24.7,-0.02,-0.02,-0.09,0.05,.,0.145292512,.,0.145292512,.,.,.,.,.,.,.,.,.,.,.,.,.,.,.,.,.,19.2,16.6,17.9,77.1,99.8,88.45,19.5,17,18.253,1408,45,0,1994,293,11.00,0,2,.,2,.,.,.,.,.,.,.,.,0.96,0.15,1.11,.,22.7,.,.,.,.,.,.,.,.,.,.,.,.,22.7,.,.,.,.,.,.,53,22.8,27,0.24,0.44,0.31,0.07,.,0.145292512,.,0.145292512,.,.,.,.,.,.,.,.,.,.,.,.,.,.,.,.,.,19.2,16.6,17.9,77.1,99.8,88.45,19.5,17,18.253,1623,25,1,1994,293,11.00,-2,1,.,3,.,.,.,.,.,.,.,.,0.42,0.15,0.57,.,22.7,.,.,.,.,.,.,.,.,.,.,.,.,22.7,.,.,.,.,.,.,55.6,22.8,22.7,-0.11,-0.11,-0.57,0.12,.,0.145292512,.,0.145292512,.,.,.,.,.,.,.,.,.,.,.,.,.,.,.,.,.,19.2,16.6,17.9,77.1,99.8,88.45,19.5,17,18.253,1715,45,1,1994,293,11.00,0,2,.,2,.,.,.,.,.,.,.,.,0.5,0.15,0.65,.,22.7,.,.,.,.,.,.,.,.,.,.,.,.,22.7,.,.,.,.,.,.,55.6,22.8,23.4,-0.08,-0.08,-0.39,0.08,.,0.145292512,.,0.145292512,.,.,.,.,.,.,.,.,.,.,.,.,.,.,.,.,.,19.2,16.6,17.9,77.1,99.8,88.45,19.5,17,18.251,525,35,0,1994,293,12.00,1,2,.,1,.,.,.,.,.,.,.,.,0.62,0.15,0.77,.,25.2,.,.,.,.,.,.,.,.,.,.,.,.,25.2,.,.,.,.,.,.,47.2,25.1,26.6,0.26,0.39,0.44,0.09,.,0.113148151,.,0.113148151,.,.,.,.,.,.,.,.,.,.,.,.,.,.,.,.,.,19.2,17.6,18.4,77.1,93.7,85.4,19.5,18,18.753,84,.,.,1994,293,12.00,0,2,.,2,.,.,.,.,.,.,.,.,1.06,0.15,1.21,.,22.3,.,.,.,.,.,.,.,.,.,.,.,.,22.3,.,.,.,.,.,.,52.2,22.4,27.3,0.28,0.52,0.34,0.07,.,0.15043561,.,0.15043561,.,.,.,.,.,.,.,.,.,.,.,.,.,.,.,.,.,19.2,17.6,18.4,77.1,93.7,85.4,19.5,18,18.753,1976,25,1,1994,293,12.00,0,2,.,2,.,.,.,.,.,.,.,.,0.58,0.15,0.73,.,22.3,.,.,.,.,.,.,.,.,.,.,.,.,22.3,.,.,.,.,.,.,52.2,22.3,23.6,-0.07,-0.07,-0.36,0.08,.,0.15043561,.,0.15043561,.,.,.,.,.,.,.,.,.,.,.,.,.,.,.,.,.,19.2,17.6,18.4,77.1,93.7,85.4,19.5,18,18.751,256,45,1,1994,293,14.00,2,1,.,1,.,.,.,.,.,.,.,.,0.57,0.15,0.72,.,25.5,.,.,.,.,.,.,.,.,.,.,.,.,25.5,.,.,.,.,.,.,46.1,25.4,26.5,0.25,0.36,0.44,0.09,.,0.109290828,.,0.109290828,.,.,.,.,.,.,.,.,.,.,.,.,.,.,.,.,.,19.2,18.9,19.05,77.1,79,78.05,19.5,19.2,19.351,334,35,0,1994,293,14.00,3,1,.,1,.,.,.,.,.,.,.,.,0.7,0.15,0.85,.,25.5,.,.,.,.,.,.,.,.,.,.,.,.,25.5,.,.,.,.,.,.,46.1,25.4,27.5,0.41,0.61,0.61,0.13,.,0.109290828,.,0.109290828,.,.,.,.,.,.,.,.,.,.,.,.,.,.,.,.,.,19.2,18.9,19.05,77.1,79,78.05,19.5,19.2,19.351,599,35,0,1994,293,14.00,2,1,.,1,.,.,.,.,.,.,.,.,0.49,0.15,0.64,.,25.5,.,.,.,.,.,.,.,.,.,.,.,.,25.5,.,.,.,.,.,.,46.1,25.4,25.9,0.14,0.21,0.32,0.07,.,0.109290828,.,0.109290828,.,.,.,.,.,.,.,.,.,.,.,.,.,.,.,.,.,19.2,18.9,19.05,77.1,79,78.05,19.5,19.2,19.353,275,45,0,1994,293,14.00,-1,2,.,2,.,.,.,.,.,.,.,.,0.62,0.15,0.77,.,22,.,.,.,.,.,.,.,.,.,.,.,.,22,.,.,.,.,.,.,53.7,22.1,23.6,-0.07,-0.07,-0.35,0.08,.,0.154292933,.,0.154292933,.,.,.,.,.,.,.,.,.,.,.,.,.,.,.,.,.,19.2,18.9,19.05,77.1,79,78.05,19.5,19.2,19.353,786,25,1,1994,293,14.00,1,2,.,2,.,.,.,.,.,.,.,.,0.97,0.15,1.12,.,23,.,.,.,.,.,.,.,.,.,.,.,.,23,.,.,.,.,.,.,49.7,23,27.2,0.29,0.52,0.37,0.08,.,0.141435189,.,0.141435189,.,.,.,.,.,.,.,.,.,.,.,.,.,.,.,.,.,19.2,18.9,19.05,77.1,79,78.05,19.5,19.2,19.353,1457,45,1,1994,293,14.00,2,1,.,1,.,.,.,.,.,.,.,.,0.67,0.15,0.82,.,21.6,.,.,.,.,.,.,.,.,.,.,.,.,21.6,.,.,.,.,.,.,56.1,21.7,23.7,-0.07,-0.07,-0.35,0.08,.,0.159436031,.,0.159436031,.,.,.,.,.,.,.,.,.,.,.,.,.,.,.,.,.,19.2,18.9,19.05,77.1,79,78.05,19.5,19.2,19.353,1624,25,1,1994,293,14.00,-1,2,.,3,.,.,.,.,.,.,.,.,0.42,0.15,0.57,.,22,.,.,.,.,.,.,.,.,.,.,.,.,22,.,.,.,.,.,.,53.7,22,22,-0.15,-0.15,-0.79,0.18,.,0.154292933,.,0.154292933,.,.,.,.,.,.,.,.,.,.,.,.,.,.,.,.,.,19.2,18.9,19.05,77.1,79,78.05,19.5,19.2,19.353,1770,25,1,1994,293,14.00,1,2,.,2,.,.,.,.,.,.,.,.,1.1,0.15,1.25,.,22.3,.,.,.,.,.,.,.,.,.,.,.,.,22.3,.,.,.,.,.,.,53.2,22.4,27.6,0.32,0.61,0.39,0.08,.,0.15043561,.,0.15043561,.,.,.,.,.,.,.,.,.,.,.,.,.,.,.,.,.,19.2,18.9,19.05,77.1,79,78.05,19.5,19.2,19.353,1977,25,1,1994,293,14.00,1,2,.,2,.,.,.,.,.,.,.,.,0.58,0.15,0.73,.,22,.,.,.,.,.,.,.,.,.,.,.,.,22,.,.,.,.,.,.,52.2,22,23.3,-0.09,-0.09,-0.44,0.09,.,0.154292933,.,0.154292933,.,.,.,.,.,.,.,.,.,.,.,.,.,.,.,.,.,19.2,18.9,19.05,77.1,79,78.05,19.5,19.2,19.351,124,35,0,1994,293,15.00,1,2,.,1,.,.,.,.,.,.,.,.,0.96,0.15,1.11,.,25.5,.,.,.,.,.,.,.,.,.,.,.,.,25.5,.,.,.,.,.,.,46.7,25.4,29.3,0.66,1.12,0.89,0.22,.,0.109290828,.,0.109290828,.,.,.,.,.,.,.,.,.,.,.,.,.,.,.,.,.,19.2,19.2,19.2,77.1,77.1,77.1,19.5,19.5,19.51,526,35,0,1994,293,15.00,3,1,.,1,.,.,.,.,.,.,.,.,0.62,0.15,0.77,.,25.5,.,.,.,.,.,.,.,.,.,.,.,.,25.5,.,.,.,.,.,.,46.7,25.4,26.9,0.32,0.47,0.52,0.11,.,0.109290828,.,0.109290828,.,.,.,.,.,.,.,.,.,.,.,.,.,.,.,.,.,19.2,19.2,19.2,77.1,77.1,77.1,19.5,19.5,19.52,664,45,0,1994,293,15.00,1,2,.,2,.,.,.,.,.,.,.,.,0.64,0.15,0.79,.,23.2,.,.,.,.,.,.,.,.,.,.,.,.,23.2,.,.,.,.,.,.,49.4,23.2,24.9,-0.01,-0.01,-0.04,0.05,.,0.13886364,.,0.13886364,.,.,.,.,.,.,.,.,.,.,.,.,.,.,.,.,.,19.2,19.2,19.2,77.1,77.1,77.1,19.5,19.5,19.52,731,55,0,1994,293,15.00,0,2,.,2,.,.,.,.,.,.,.,.,0.62,0.15,0.77,.,23.2,.,.,.,.,.,.,.,.,.,.,.,.,23.2,.,.,.,.,.,.,49.4,23.2,24.7,-0.02,-0.02,-0.07,0.05,.,0.13886364,.,0.13886364,.,.,.,.,.,.,.,.,.,.,.,.,.,.,.,.,.,19.2,19.2,19.2,77.1,77.1,77.1,19.5,19.5,19.53,12,35,0,1994,293,15.00,1,2,.,1,.,.,.,.,.,.,.,.,0.62,0.15,0.77,.,23,.,.,.,.,.,.,.,.,.,.,.,.,23,.,.,.,.,.,.,49.7,23,24.5,-0.03,-0.03,-0.12,0.05,.,0.141435189,.,0.141435189,.,.,.,.,.,.,.,.,.,.,.,.,.,.,.,.,.,19.2,19.2,19.2,77.1,77.1,77.1,19.5,19.5,19.53,1409,45,0,1994,293,15.00,-1,2,.,2,.,.,.,.,.,.,.,.,0.96,0.15,1.11,.,23,.,.,.,.,.,.,.,.,.,.,.,.,23,.,.,.,.,.,.,49.7,23,27.1,0.28,0.5,0.36,0.08,.,0.141435189,.,0.141435189,.,.,.,.,.,.,.,.,.,.,.,.,.,.,.,.,.,19.2,19.2,19.2,77.1,77.1,77.1,19.5,19.5,19.54,5,35,1,1994,293,15.00,0,2,.,2,.,.,.,.,.,.,.,.,0.42,0.15,0.57,.,23.4,.,.,.,.,.,.,.,.,.,.,.,.,23.4,.,.,.,.,.,.,50.7,23.4,23.4,-0.08,-0.08,-0.39,0.08,.,0.136292091,.,0.136292091,.,.,.,.,.,.,.,.,.,.,.,.,.,.,.,.,.,19.2,19.2,19.2,77.1,77.1,77.1,19.5,19.5,19.51,77,45,0,1994,294,9.00,1,2,.,2,.,.,.,.,.,.,.,.,0.96,0.15,1.11,.,24.1,.,.,.,.,.,.,.,.,.,.,.,.,24.1,.,.,.,.,.,.,42.4,23.8,27.9,0.43,0.7,0.55,0.11,.,0.12729167,.,0.12729167,.,.,.,.,.,.,.,.,.,.,.,.,.,.,.,.,.,17.9,12.6,15.25,59,94.5,76.75,18,12.9,15.451,257,45,1,1994,294,9.00,0,2,.,2,.,.,.,.,.,.,.,.,0.48,0.15,0.63,.,24.1,.,.,.,.,.,.,.,.,.,.,.,.,24.1,.,.,.,.,.,.,42.4,24,24.4,-0.03,-0.03,-0.12,0.05,.,0.12729167,.,0.12729167,.,.,.,.,.,.,.,.,.,.,.,.,.,.,.,.,.,17.9,12.6,15.25,59,94.5,76.75,18,12.9,15.451,459,45,0,1994,294,9.00,0,2,.,2,.,.,.,.,.,.,.,.,0.72,0.15,0.87,.,24.1,.,.,.,.,.,.,.,.,.,.,.,.,24.1,.,.,.,.,.,.,42.4,23.9,26.2,0.16,0.25,0.26,0.06,.,0.12729167,.,0.12729167,.,.,.,.,.,.,.,.,.,.,.,.,.,.,.,.,.,17.9,12.6,15.25,59,94.5,76.75,18,12.9,15.452,356,35,1,1994,294,9.00,0,2,.,2,.,.,.,.,.,.,.,.,0.7,0.15,0.85,.,22.8,.,.,.,.,.,.,.,.,.,.,.,.,22.8,.,.,.,.,.,.,44.4,22.7,24.9,-0.02,-0.02,-0.07,0.05,.,0.144006738,.,0.144006738,.,.,.,.,.,.,.,.,.,.,.,.,.,.,.,.,.,17.9,12.6,15.25,59,94.5,76.75,18,12.9,15.452,580,45,0,1994,294,9.00,0,2,.,2,.,.,.,.,.,.,.,.,0.8,0.15,0.95,.,22.8,.,.,.,.,.,.,.,.,.,.,.,.,22.8,.,.,.,.,.,.,44.4,22.7,25.6,0.02,0.07,0.08,0.05,.,0.144006738,.,0.144006738,.,.,.,.,.,.,.,.,.,.,.,.,.,.,.,.,.,17.9,12.6,15.25,59,94.5,76.75,18,12.9,15.452,665,45,0,1994,294,9.00,-1,2,.,3,.,.,.,.,.,.,.,.,0.62,0.15,0.77,.,22.8,.,.,.,.,.,.,.,.,.,.,.,.,22.8,.,.,.,.,.,.,44.4,22.7,24.3,-0.04,-0.04,-0.21,0.06,.,0.144006738,.,0.144006738,.,.,.,.,.,.,.,.,.,.,.,.,.,.,.,.,.,17.9,12.6,15.25,59,94.5,76.75,18,12.9,15.453,654,35,0,1994,294,9.00,-1,2,.,2,.,.,.,.,.,.,.,.,0.74,0.15,0.89,.,21.3,.,.,.,.,.,.,.,.,.,.,.,.,21.3,.,.,.,.,.,.,50.5,21.3,23.9,-0.06,-0.06,-0.33,0.07,.,0.163293354,.,0.163293354,.,.,.,.,.,.,.,.,.,.,.,.,.,.,.,.,.,17.9,12.6,15.25,59,94.5,76.75,18,12.9,15.453,787,25,1,1994,294,9.00,0,2,.,2,.,.,.,.,.,.,.,.,0.87,0.15,1.02,.,21.6,.,.,.,.,.,.,.,.,.,.,.,.,21.6,.,.,.,.,.,.,47.8,21.6,25.1,-0.01,-0.01,-0.07,0.05,.,0.159436031,.,0.159436031,.,.,.,.,.,.,.,.,.,.,.,.,.,.,.,.,.,17.9,12.6,15.25,59,94.5,76.75,18,12.9,15.453,931,25,1,1994,294,9.00,1,2,.,2,.,.,.,.,.,.,.,.,0.67,0.15,0.82,.,21.6,.,.,.,.,.,.,.,.,.,.,.,.,21.6,.,.,.,.,.,.,47.8,21.6,23.6,-0.08,-0.08,-0.4,0.08,.,0.159436031,.,0.159436031,.,.,.,.,.,.,.,.,.,.,.,.,.,.,.,.,.,17.9,12.6,15.25,59,94.5,76.75,18,12.9,15.454,6,35,1,1994,294,9.00,-1,2,.,3,.,.,.,.,.,.,.,.,0.63,0.15,0.78,.,23,.,.,.,.,.,.,.,.,.,.,.,.,23,.,.,.,.,.,.,44,22.9,24.5,-0.03,-0.03,-0.14,0.05,.,0.141435189,.,0.141435189,.,.,.,.,.,.,.,.,.,.,.,.,.,.,.,.,.,17.9,12.6,15.25,59,94.5,76.75,18,12.9,15.451,335,35,0,1994,294,10.00,1,2,.,2,.,.,.,.,.,.,.,.,0.7,0.15,0.85,.,24.5,.,.,.,.,.,.,.,.,.,.,.,.,24.5,.,.,.,.,.,.,41.9,24.3,26.4,0.21,0.32,0.33,0.07,.,0.122148572,.,0.122148572,.,.,.,.,.,.,.,.,.,.,.,.,.,.,.,.,.,17.9,13.5,15.7,59,90.9,74.95,18,13.8,15.92,1,35,1,1994,294,10.00,1,2,.,2,.,.,.,.,.,.,.,.,0.4,0.15,0.55,.,22.8,.,.,.,.,.,.,.,.,.,.,.,.,22.8,.,.,.,.,.,.,44.7,22.7,22.5,-0.13,-0.13,-0.65,0.14,.,0.144006738,.,0.144006738,.,.,.,.,.,.,.,.,.,.,.,.,.,.,.,.,.,17.9,13.5,15.7,59,90.9,74.95,18,13.8,15.92,2,35,1,1994,294,10.00,1,2,.,2,.,.,.,.,.,.,.,.,0.4,0.15,0.55,.,23.2,.,.,.,.,.,.,.,.,.,.,.,.,23.2,.,.,.,.,.,.,44.7,23.1,22.9,-0.11,-0.11,-0.53,0.11,.,0.13886364,.,0.13886364,.,.,.,.,.,.,.,.,.,.,.,.,.,.,.,.,.,17.9,13.5,15.7,59,90.9,74.95,18,13.8,15.93,1072,35,1,1994,294,10.00,-1,2,.,3,.,.,.,.,.,.,.,.,0.97,0.15,1.12,.,22,.,.,.,.,.,.,.,.,.,.,.,.,22,.,.,.,.,.,.,46.3,21.9,26.2,0.11,0.21,0.13,0.05,.,0.154292933,.,0.154292933,.,.,.,.,.,.,.,.,.,.,.,.,.,.,.,.,.,17.9,13.5,15.7,59,90.9,74.95,18,13.8,15.93,1897,.,.,1994,294,10.00,1,2,.,2,.,.,.,.,.,.,.,.,1.05,0.15,1.2,.,22,.,.,.,.,.,.,.,.,.,.,.,.,22,.,.,.,.,.,.,46.3,21.9,26.8,0.2,0.37,0.23,0.06,.,0.154292933,.,0.154292933,.,.,.,.,.,.,.,.,.,.,.,.,.,.,.,.,.,17.9,13.5,15.7,59,90.9,74.95,18,13.8,15.91,14,45,0,1994,294,16.00,2,1,.,1,.,.,.,.,.,.,.,.,0.8,0.15,0.95,.,25.2,.,.,.,.,.,.,.,.,.,.,.,.,25.2,.,.,.,.,.,.,35.3,24.7,27.5,0.42,0.61,0.57,0.12,.,0.113148151,.,0.113148151,.,.,.,.,.,.,.,.,.,.,.,.,.,.,.,.,.,17.9,17.9,17.9,59,59,59,18,18,181,258,45,1,1994,294,16.00,0,2,.,2,.,.,.,.,.,.,.,.,0.48,0.15,0.63,.,25.2,.,.,.,.,.,.,.,.,.,.,.,.,25.2,.,.,.,.,.,.,35.3,24.9,25.3,0,0,0.14,0.05,.,0.113148151,.,0.113148151,.,.,.,.,.,.,.,.,.,.,.,.,.,.,.,.,.,17.9,17.9,17.9,59,59,59,18,18,181,336,35,0,1994,294,16.00,3,1,.,1,.,.,.,.,.,.,.,.,0.7,0.15,0.85,.,25.2,.,.,.,.,.,.,.,.,.,.,.,.,25.2,.,.,.,.,.,.,35.3,24.7,26.9,0.31,0.43,0.46,0.09,.,0.113148151,.,0.113148151,.,.,.,.,.,.,.,.,.,.,.,.,.,.,.,.,.,17.9,17.9,17.9,59,59,59,18,18,182,3,35,1,1994,294,16.00,0,2,.,2,.,.,.,.,.,.,.,.,0.4,0.15,0.55,.,23.6,.,.,.,.,.,.,.,.,.,.,.,.,23.6,.,.,.,.,.,.,40.4,23.5,23.3,-0.09,-0.09,-0.45,0.09,.,0.133720542,.,0.133720542,.,.,.,.,.,.,.,.,.,.,.,.,.,.,.,.,.,17.9,17.9,17.9,59,59,59,18,18,182,71,25,1,1994,294,16.00,-1,2,.,3,.,.,.,.,.,.,.,.,0.72,0.15,0.87,.,23.6,.,.,.,.,.,.,.,.,.,.,.,.,23.6,.,.,.,.,.,.,40.4,23.4,25.7,0.05,0.11,0.13,0.05,.,0.133720542,.,0.133720542,.,.,.,.,.,.,.,.,.,.,.,.,.,.,.,.,.,17.9,17.9,17.9,59,59,59,18,18,182,430,55,1,1994,294,16.00,0,2,.,2,.,.,.,.,.,.,.,.,0.85,0.15,1,.,23.6,.,.,.,.,.,.,.,.,.,.,.,.,23.6,.,.,.,.,.,.,40.4,23.3,26.6,0.22,0.36,0.3,0.07,.,0.133720542,.,0.133720542,.,.,.,.,.,.,.,.,.,.,.,.,.,.,.,.,.,17.9,17.9,17.9,59,59,59,18,18,182,544,35,0,1994,294,16.00,-3,1,.,3,.,.,.,.,.,.,.,.,1.27,0.15,1.42,.,23.6,.,.,.,.,.,.,.,.,.,.,.,.,23.6,.,.,.,.,.,.,40.4,23.2,29.4,0.62,1.12,0.72,0.16,.,0.133720542,.,0.133720542,.,.,.,.,.,.,.,.,.,.,.,.,.,.,.,.,.,17.9,17.9,17.9,59,59,59,18,18,182,581,45,0,1994,294,16.00,0,2,.,1,.,.,.,.,.,.,.,.,0.72,0.15,0.87,.,23.6,.,.,.,.,.,.,.,.,.,.,.,.,23.6,.,.,.,.,.,.,40.4,23.4,25.7,0.05,0.11,0.13,0.05,.,0.133720542,.,0.133720542,.,.,.,.,.,.,.,.,.,.,.,.,.,.,.,.,.,17.9,17.9,17.9,59,59,59,18,18,182,733,55,0,1994,294,16.00,1,2,.,2,.,.,.,.,.,.,.,.,0.62,0.15,0.77,.,23.6,.,.,.,.,.,.,.,.,.,.,.,.,23.6,.,.,.,.,.,.,40.4,23.4,25,-0.01,-0.01,-0.03,0.05,.,0.133720542,.,0.133720542,.,.,.,.,.,.,.,.,.,.,.,.,.,.,.,.,.,17.9,17.9,17.9,59,59,59,18,18,183,14,35,0,1994,294,16.00,1,2,.,2,.,.,.,.,.,.,.,.,0.62,0.15,0.77,.,23.8,.,.,.,.,.,.,.,.,.,.,.,.,23.8,.,.,.,.,.,.,36,23.6,25.1,-0.01,-0.01,0,0.05,.,0.131148993,.,0.131148993,.,.,.,.,.,.,.,.,.,.,.,.,.,.,.,.,.,17.9,17.9,17.9,59,59,59,18,18,183,311,35,0,1994,294,16.00,0,2,.,2,.,.,.,.,.,.,.,.,0.62,0.15,0.77,.,23,.,.,.,.,.,.,.,.,.,.,.,.,23,.,.,.,.,.,.,37.3,22.9,24.4,-0.04,-0.04,-0.2,0.06,.,0.141435189,.,0.141435189,.,.,.,.,.,.,.,.,.,.,.,.,.,.,.,.,.,17.9,17.9,17.9,59,59,59,18,18,183,715,35,0,1994,294,16.00,1,2,.,2,.,.,.,.,.,.,.,.,0.62,0.15,0.77,.,22.7,.,.,.,.,.,.,.,.,.,.,.,.,22.7,.,.,.,.,.,.,39.9,22.6,24.1,-0.05,-0.05,-0.26,0.06,.,0.145292512,.,0.145292512,.,.,.,.,.,.,.,.,.,.,.,.,.,.,.,.,.,17.9,17.9,17.9,59,59,59,18,18,183,788,25,1,1994,294,16.00,0,2,.,2,.,.,.,.,.,.,.,.,0.45,0.15,0.6,.,23.8,.,.,.,.,.,.,.,.,.,.,.,.,23.8,.,.,.,.,.,.,36,23.6,23.8,-0.06,-0.06,-0.31,0.07,.,0.131148993,.,0.131148993,.,.,.,.,.,.,.,.,.,.,.,.,.,.,.,.,.,17.9,17.9,17.9,59,59,59,18,18,183,1260,25,1,1994,294,16.00,-2,1,.,3,.,.,.,.,.,.,.,.,0.61,0.15,0.76,.,22,.,.,.,.,.,.,.,.,.,.,.,.,22,.,.,.,.,.,.,43.8,21.9,23.4,-0.08,-0.08,-0.43,0.09,.,0.154292933,.,0.154292933,.,.,.,.,.,.,.,.,.,.,.,.,.,.,.,.,.,17.9,17.9,17.9,59,59,59,18,18,183,1626,25,1,1994,294,16.00,0,2,.,2,.,.,.,.,.,.,.,.,0.63,0.15,0.78,.,23.4,.,.,.,.,.,.,.,.,.,.,.,.,23.4,.,.,.,.,.,.,36.5,23.2,24.8,-0.02,-0.02,-0.08,0.05,.,0.136292091,.,0.136292091,.,.,.,.,.,.,.,.,.,.,.,.,.,.,.,.,.,17.9,17.9,17.9,59,59,59,18,18,182,357,35,1,1994,294,17.00,1,2,.,2,.,.,.,.,.,.,.,.,0.75,0.15,0.9,.,23.6,.,.,.,.,.,.,.,.,.,.,.,.,23.6,.,.,.,.,.,.,39.7,23.4,25.9,0.09,0.17,0.17,0.06,.,0.133720542,.,0.133720542,.,.,.,.,.,.,.,.,.,.,.,.,.,.,.,.,.,17.9,17.3,17.6,59,60.8,59.9,18,17.4,17.72,666,45,0,1994,294,17.00,0,2,.,2,.,.,.,.,.,.,.,.,0.62,0.15,0.77,.,23.6,.,.,.,.,.,.,.,.,.,.,.,.,23.6,.,.,.,.,.,.,39.7,23.4,25,-0.01,-0.01,-0.03,0.05,.,0.133720542,.,0.133720542,.,.,.,.,.,.,.,.,.,.,.,.,.,.,.,.,.,17.9,17.3,17.6,59,60.8,59.9,18,17.4,17.71,460,45,0,1994,297,8.00,0,2,.,2,.,.,.,.,.,.,.,.,0.72,0.15,0.87,.,24.1,.,.,.,.,.,.,.,.,.,.,.,.,24.1,.,.,.,.,.,.,33,23.7,26,0.12,0.19,0.2,0.06,.,0.12729167,.,0.12729167,.,.,.,.,.,.,.,.,.,.,.,.,.,.,.,.,.,14.9,5.6,10.25,49.3,97.3,73.3,14.9,5.8,10.352,4,35,1,1994,297,8.00,2,1,.,1,.,.,.,.,.,.,.,.,1.08,0.15,1.23,.,23.2,.,.,.,.,.,.,.,.,.,.,.,.,23.2,.,.,.,.,.,.,35.2,22.7,27.7,0.38,0.63,0.44,0.09,.,0.13886364,.,0.13886364,.,.,.,.,.,.,.,.,.,.,.,.,.,.,.,.,.,14.9,5.6,10.25,49.3,97.3,73.3,14.9,5.8,10.352,148,45,1,1994,297,8.00,1,2,.,2,.,.,.,.,.,.,.,.,1.08,0.15,1.23,.,23.2,.,.,.,.,.,.,.,.,.,.,.,.,23.2,.,.,.,.,.,.,35.2,22.7,27.7,0.38,0.63,0.44,0.09,.,0.13886364,.,0.13886364,.,.,.,.,.,.,.,.,.,.,.,.,.,.,.,.,.,14.9,5.6,10.25,49.3,97.3,73.3,14.9,5.8,10.352,281,45,1,1994,297,8.00,0,2,.,.,.,.,.,.,.,.,.,.,0.56,0.15,0.71,.,23.2,.,.,.,.,.,.,.,.,.,.,.,.,23.2,.,.,.,.,.,.,35.2,23,24.1,-0.05,-0.05,-0.27,0.06,.,0.13886364,.,0.13886364,.,.,.,.,.,.,.,.,.,.,.,.,.,.,.,.,.,14.9,5.6,10.25,49.3,97.3,73.3,14.9,5.8,10.352,734,55,0,1994,297,8.00,0,2,.,2,.,.,.,.,.,.,.,.,0.62,0.15,0.77,.,23.2,.,.,.,.,.,.,.,.,.,.,.,.,23.2,.,.,.,.,.,.,35.2,23,24.5,-0.03,-0.03,-0.16,0.06,.,0.13886364,.,0.13886364,.,.,.,.,.,.,.,.,.,.,.,.,.,.,.,.,.,14.9,5.6,10.25,49.3,97.3,73.3,14.9,5.8,10.353,789,25,1,1994,297,8.00,0,2,.,2,.,.,.,.,.,.,.,.,1.09,0.15,1.24,.,22.3,.,.,.,.,.,.,.,.,.,.,.,.,22.3,.,.,.,.,.,.,33.7,21.9,27,0.25,0.43,0.26,0.06,.,0.15043561,.,0.15043561,.,.,.,.,.,.,.,.,.,.,.,.,.,.,.,.,.,14.9,5.6,10.25,49.3,97.3,73.3,14.9,5.8,10.353,932,25,1,1994,297,8.00,1,2,.,1,.,.,.,.,.,.,.,.,0.63,0.15,0.78,.,22.3,.,.,.,.,.,.,.,.,.,.,.,.,22.3,.,.,.,.,.,.,33.7,22.1,23.8,-0.07,-0.07,-0.38,0.08,.,0.15043561,.,0.15043561,.,.,.,.,.,.,.,.,.,.,.,.,.,.,.,.,.,14.9,5.6,10.25,49.3,97.3,73.3,14.9,5.8,10.353,1771,25,1,1994,297,8.00,2,1,.,.,.,.,.,.,.,.,.,.,0.76,0.15,0.91,.,23.4,.,.,.,.,.,.,.,.,.,.,.,.,23.4,.,.,.,.,.,.,33.6,23.1,25.7,0.04,0.09,0.1,0.05,.,0.136292091,.,0.136292091,.,.,.,.,.,.,.,.,.,.,.,.,.,.,.,.,.,14.9,5.6,10.25,49.3,97.3,73.3,14.9,5.8,10.351,126,35,0,1994,297,9.00,0,2,.,2,.,.,.,.,.,.,.,.,0.96,0.15,1.11,.,23.8,.,.,.,.,.,.,.,.,.,.,.,.,23.8,.,.,.,.,.,.,32.4,23.2,27.3,0.35,0.54,0.42,0.09,.,0.131148993,.,0.131148993,.,.,.,.,.,.,.,.,.,.,.,.,.,.,.,.,.,14.9,8.3,11.6,49.3,92.5,70.9,14.9,8.5,11.71,337,35,0,1994,297,9.00,1,2,.,1,.,.,.,.,.,.,.,.,1.04,0.15,1.19,.,23.8,.,.,.,.,.,.,.,.,.,.,.,.,23.8,.,.,.,.,.,.,32.4,23.2,27.8,0.42,0.67,0.5,0.1,.,0.131148993,.,0.131148993,.,.,.,.,.,.,.,.,.,.,.,.,.,.,.,.,.,14.9,8.3,11.6,49.3,92.5,70.9,14.9,8.5,11.72,220,35,1,1994,297,9.00,0,2,.,1,.,.,.,.,.,.,.,.,0.63,0.15,0.78,.,23.2,.,.,.,.,.,.,.,.,.,.,.,.,23.2,.,.,.,.,.,.,34.9,23,24.6,-0.03,-0.03,-0.14,0.05,.,0.13886364,.,0.13886364,.,.,.,.,.,.,.,.,.,.,.,.,.,.,.,.,.,14.9,8.3,11.6,49.3,92.5,70.9,14.9,8.5,11.72,282,45,1,1994,297,9.00,0,2,.,.,.,.,.,.,.,.,.,.,0.56,0.15,0.71,.,23.2,.,.,.,.,.,.,.,.,.,.,.,.,23.2,.,.,.,.,.,.,34.9,23,24.1,-0.05,-0.05,-0.27,0.06,.,0.13886364,.,0.13886364,.,.,.,.,.,.,.,.,.,.,.,.,.,.,.,.,.,14.9,8.3,11.6,49.3,92.5,70.9,14.9,8.5,11.72,667,45,0,1994,297,9.00,0,2,.,2,.,.,.,.,.,.,.,.,0.64,0.15,0.79,.,23.2,.,.,.,.,.,.,.,.,.,.,.,.,23.2,.,.,.,.,.,.,34.9,23,24.7,-0.03,-0.03,-0.13,0.05,.,0.13886364,.,0.13886364,.,.,.,.,.,.,.,.,.,.,.,.,.,.,.,.,.,14.9,8.3,11.6,49.3,92.5,70.9,14.9,8.5,11.71,260,45,1,1994,297,13.00,2,1,.,1,.,.,.,.,.,.,.,.,0.42,0.15,0.57,.,24.1,.,.,.,.,.,.,.,.,.,.,.,.,24.1,.,.,.,.,.,.,29.3,23.8,23.8,-0.07,-0.07,-0.33,0.07,.,0.12729167,.,0.12729167,.,.,.,.,.,.,.,.,.,.,.,.,.,.,.,.,.,14.9,14.3,14.6,49.3,54.4,51.85,14.9,14.3,14.61,338,35,0,1994,297,13.00,1,2,.,2,.,.,.,.,.,.,.,.,0.7,0.15,0.85,.,24.1,.,.,.,.,.,.,.,.,.,.,.,.,24.1,.,.,.,.,.,.,29.3,23.6,25.8,0.07,0.13,0.15,0.05,.,0.12729167,.,0.12729167,.,.,.,.,.,.,.,.,.,.,.,.,.,.,.,.,.,14.9,14.3,14.6,49.3,54.4,51.85,14.9,14.3,14.61,529,35,0,1994,297,13.00,2,1,.,1,.,.,.,.,.,.,.,.,0.57,0.15,0.72,.,24.1,.,.,.,.,.,.,.,.,.,.,.,.,24.1,.,.,.,.,.,.,29.3,23.8,24.9,-0.02,-0.02,-0.05,0.05,.,0.12729167,.,0.12729167,.,.,.,.,.,.,.,.,.,.,.,.,.,.,.,.,.,14.9,14.3,14.6,49.3,54.4,51.85,14.9,14.3,14.62,5,35,1,1994,297,13.00,1,2,.,2,.,.,.,.,.,.,.,.,1.08,0.15,1.23,.,22.8,.,.,.,.,.,.,.,.,.,.,.,.,22.8,.,.,.,.,.,.,32.4,22.3,27.3,0.31,0.51,0.34,0.07,.,0.144006738,.,0.144006738,.,.,.,.,.,.,.,.,.,.,.,.,.,.,.,.,.,14.9,14.3,14.6,49.3,54.4,51.85,14.9,14.3,14.62,221,35,1,1994,297,13.00,1,2,.,1,.,.,.,.,.,.,.,.,0.63,0.15,0.78,.,22.8,.,.,.,.,.,.,.,.,.,.,.,.,22.8,.,.,.,.,.,.,32.4,22.6,24.2,-0.05,-0.05,-0.26,0.06,.,0.144006738,.,0.144006738,.,.,.,.,.,.,.,.,.,.,.,.,.,.,.,.,.,14.9,14.3,14.6,49.3,54.4,51.85,14.9,14.3,14.62,431,55,1,1994,297,13.00,0,2,.,2,.,.,.,.,.,.,.,.,0.58,0.15,0.73,.,22.8,.,.,.,.,.,.,.,.,.,.,.,.,22.8,.,.,.,.,.,.,32.4,22.6,23.8,-0.07,-0.07,-0.35,0.08,.,0.144006738,.,0.144006738,.,.,.,.,.,.,.,.,.,.,.,.,.,.,.,.,.,14.9,14.3,14.6,49.3,54.4,51.85,14.9,14.3,14.62,582,45,0,1994,297,13.00,0,2,.,2,.,.,.,.,.,.,.,.,0.59,0.15,0.74,.,22.8,.,.,.,.,.,.,.,.,.,.,.,.,22.8,.,.,.,.,.,.,32.4,22.6,23.9,-0.06,-0.06,-0.33,0.07,.,0.144006738,.,0.144006738,.,.,.,.,.,.,.,.,.,.,.,.,.,.,.,.,.,14.9,14.3,14.6,49.3,54.4,51.85,14.9,14.3,14.62,668,45,0,1994,297,13.00,0,2,.,2,.,.,.,.,.,.,.,.,0.64,0.15,0.79,.,22.8,.,.,.,.,.,.,.,.,.,.,.,.,22.8,.,.,.,.,.,.,32.4,22.6,24.3,-0.05,-0.05,-0.25,0.06,.,0.144006738,.,0.144006738,.,.,.,.,.,.,.,.,.,.,.,.,.,.,.,.,.,14.9,14.3,14.6,49.3,54.4,51.85,14.9,14.3,14.63,161,.,.,1994,297,13.00,3,1,.,1,.,.,.,.,.,.,.,.,0.56,0.15,0.71,.,22.7,.,.,.,.,.,.,.,.,.,.,.,.,22.7,.,.,.,.,.,.,29.4,22.5,23.5,-0.08,-0.08,-0.44,0.09,.,0.145292512,.,0.145292512,.,.,.,.,.,.,.,.,.,.,.,.,.,.,.,.,.,14.9,14.3,14.6,49.3,54.4,51.85,14.9,14.3,14.63,312,35,0,1994,297,13.00,2,1,.,1,.,.,.,.,.,.,.,.,1.38,0.15,1.53,.,23.4,.,.,.,.,.,.,.,.,.,.,.,.,23.4,.,.,.,.,.,.,27.2,22.4,29.4,0.63,1.11,0.68,0.15,.,0.136292091,.,0.136292091,.,.,.,.,.,.,.,.,.,.,.,.,.,.,.,.,.,14.9,14.3,14.6,49.3,54.4,51.85,14.9,14.3,14.63,716,35,0,1994,297,13.00,0,2,.,2,.,.,.,.,.,.,.,.,0.64,0.15,0.79,.,22,.,.,.,.,.,.,.,.,.,.,.,.,22,.,.,.,.,.,.,32.5,21.8,23.5,-0.08,-0.08,-0.44,0.09,.,0.154292933,.,0.154292933,.,.,.,.,.,.,.,.,.,.,.,.,.,.,.,.,.,14.9,14.3,14.6,49.3,54.4,51.85,14.9,14.3,14.63,790,25,1,1994,297,13.00,-1,2,.,3,.,.,.,.,.,.,.,.,0.28,0.15,0.43,.,23,.,.,.,.,.,.,.,.,.,.,.,.,23,.,.,.,.,.,.,28.5,22.7,21.5,-0.2,-0.2,-1,0.26,.,0.141435189,.,0.141435189,.,.,.,.,.,.,.,.,.,.,.,.,.,.,.,.,.,14.9,14.3,14.6,49.3,54.4,51.85,14.9,14.3,14.63,933,25,1,1994,297,13.00,2,1,.,1,.,.,.,.,.,.,.,.,0.63,0.15,0.78,.,23,.,.,.,.,.,.,.,.,.,.,.,.,23,.,.,.,.,.,.,28.5,22.7,24.3,-0.04,-0.04,-0.24,0.06,.,0.141435189,.,0.141435189,.,.,.,.,.,.,.,.,.,.,.,.,.,.,.,.,.,14.9,14.3,14.6,49.3,54.4,51.85,14.9,14.3,14.63,1261,25,1,1994,297,13.00,-1,2,.,3,.,.,.,.,.,.,.,.,0.74,0.15,0.89,.,22,.,.,.,.,.,.,.,.,.,.,.,.,22,.,.,.,.,.,.,33.7,21.8,24.3,-0.05,-0.05,-0.26,0.06,.,0.154292933,.,0.154292933,.,.,.,.,.,.,.,.,.,.,.,.,.,.,.,.,.,14.9,14.3,14.6,49.3,54.4,51.85,14.9,14.3,14.63,1719,45,1,1994,297,13.00,-2,1,.,3,.,.,.,.,.,.,.,.,0.63,0.15,0.78,.,22.7,.,.,.,.,.,.,.,.,.,.,.,.,22.7,.,.,.,.,.,.,29.4,22.5,24.1,-0.06,-0.06,-0.31,0.07,.,0.145292512,.,0.145292512,.,.,.,.,.,.,.,.,.,.,.,.,.,.,.,.,.,14.9,14.3,14.6,49.3,54.4,51.85,14.9,14.3,14.63,1772,25,1,1994,297,13.00,-1,2,.,3,.,.,.,.,.,.,.,.,0.76,0.15,0.91,.,22,.,.,.,.,.,.,.,.,.,.,.,.,22,.,.,.,.,.,.,31.4,21.8,24.4,-0.04,-0.04,-0.25,0.06,.,0.154292933,.,0.154292933,.,.,.,.,.,.,.,.,.,.,.,.,.,.,.,.,.,14.9,14.3,14.6,49.3,54.4,51.85,14.9,14.3,14.63,1899,.,.,1994,297,13.00,0,2,.,2,.,.,.,.,.,.,.,.,0.72,0.15,0.87,.,22.7,.,.,.,.,.,.,.,.,.,.,.,.,22.7,.,.,.,.,.,.,29.4,22.5,24.7,-0.03,-0.03,-0.16,0.06,.,0.145292512,.,0.145292512,.,.,.,.,.,.,.,.,.,.,.,.,.,.,.,.,.,14.9,14.3,14.6,49.3,54.4,51.85,14.9,14.3,14.61,382,45,0,1994,297,14.00,1,2,.,1,.,.,.,.,.,.,.,.,0.45,0.15,0.6,.,24.5,.,.,.,.,.,.,.,.,.,.,.,.,24.5,.,.,.,.,.,.,27.2,24.2,24.4,-0.04,-0.04,-0.17,0.06,.,0.122148572,.,0.122148572,.,.,.,.,.,.,.,.,.,.,.,.,.,.,.,.,.,14.9,14.9,14.9,49.3,49.3,49.3,14.9,14.9,14.92,735,55,0,1994,297,14.00,0,2,.,2,.,.,.,.,.,.,.,.,0.62,0.15,0.77,.,22.8,.,.,.,.,.,.,.,.,.,.,.,.,22.8,.,.,.,.,.,.,31.6,22.6,24.1,-0.05,-0.05,-0.28,0.07,.,0.144006738,.,0.144006738,.,.,.,.,.,.,.,.,.,.,.,.,.,.,.,.,.,14.9,14.9,14.9,49.3,49.3,49.3,14.9,14.9,14.93,86,.,.,1994,297,14.00,-1,2,.,2,.,.,.,.,.,.,.,.,1.06,0.15,1.21,.,23,.,.,.,.,.,.,.,.,.,.,.,.,23,.,.,.,.,.,.,26.7,22.3,27.2,0.31,0.48,0.33,0.07,.,0.141435189,.,0.141435189,.,.,.,.,.,.,.,.,.,.,.,.,.,.,.,.,.,14.9,14.9,14.9,49.3,49.3,49.3,14.9,14.9,14.93,1073,35,1,1994,297,14.00,-1,2,.,2,.,.,.,.,.,.,.,.,1.18,0.15,1.33,.,22.3,.,.,.,.,.,.,.,.,.,.,.,.,22.3,.,.,.,.,.,.,27.8,21.6,27.4,0.32,0.54,0.32,0.07,.,0.15043561,.,0.15043561,.,.,.,.,.,.,.,.,.,.,.,.,.,.,.,.,.,14.9,14.9,14.9,49.3,49.3,49.3,14.9,14.9,14.93,1114,.,.,1994,297,14.00,0,2,.,2,.,.,.,.,.,.,.,.,0.72,0.15,0.87,.,21.6,.,.,.,.,.,.,.,.,.,.,.,.,21.6,.,.,.,.,.,.,33.2,21.4,23.8,-0.07,-0.07,-0.4,0.08,.,0.159436031,.,0.159436031,.,.,.,.,.,.,.,.,.,.,.,.,.,.,.,.,.,14.9,14.9,14.9,49.3,49.3,49.3,14.9,14.9,14.93,1460,45,1,1994,297,14.00,0,2,.,2,.,.,.,.,.,.,.,.,0.42,0.15,0.57,.,21.6,.,.,.,.,.,.,.,.,.,.,.,.,21.6,.,.,.,.,.,.,33.2,21.4,21.3,-0.21,-0.21,-1.03,0.27,.,0.159436031,.,0.159436031,.,.,.,.,.,.,.,.,.,.,.,.,.,.,.,.,.,14.9,14.9,14.9,49.3,49.3,49.3,14.9,14.9,14.93,1627,25,1,1994,297,14.00,0,2,.,2,.,.,.,.,.,.,.,.,0.67,0.15,0.82,.,22.3,.,.,.,.,.,.,.,.,.,.,.,.,22.3,.,.,.,.,.,.,27.8,22,24,-0.06,-0.06,-0.34,0.07,.,0.15043561,.,0.15043561,.,.,.,.,.,.,.,.,.,.,.,.,.,.,.,.,.,14.9,14.9,14.9,49.3,49.3,49.3,14.9,14.9,14.93,1978,25,1,1994,297,14.00,1,2,.,1,.,.,.,.,.,.,.,.,0.42,0.15,0.57,.,23,.,.,.,.,.,.,.,.,.,.,.,.,23,.,.,.,.,.,.,26.7,22.7,22.7,-0.13,-0.13,-0.66,0.14,.,0.141435189,.,0.141435189,.,.,.,.,.,.,.,.,.,.,.,.,.,.,.,.,.,14.9,14.9,14.9,49.3,49.3,49.3,14.9,14.9,14.94,8,35,1,1994,297,14.00,1,2,.,2,.,.,.,.,.,.,.,.,0.7,0.15,0.85,.,23.4,.,.,.,.,.,.,.,.,.,.,.,.,23.4,.,.,.,.,.,.,29.2,23,25.2,-0.01,-0.01,-0.02,0.05,.,0.136292091,.,0.136292091,.,.,.,.,.,.,.,.,.,.,.,.,.,.,.,.,.,14.9,14.9,14.9,49.3,49.3,49.3,14.9,14.9,14.91,191,45,0,1994,298,9.00,0,2,.,2,.,.,.,.,.,.,.,.,0.64,0.15,0.79,.,24.1,.,.,.,.,.,.,.,.,.,.,.,.,24.1,.,.,.,.,.,.,31.9,23.7,25.4,0,0,0.08,0.05,.,0.12729167,.,0.12729167,.,.,.,.,.,.,.,.,.,.,.,.,.,.,.,.,.,12.4,8.7,10.55,50.4,90,70.2,12.4,8.9,10.651,339,35,0,1994,298,9.00,0,2,.,2,.,.,.,.,.,.,.,.,1.04,0.15,1.19,.,24.1,.,.,.,.,.,.,.,.,.,.,.,.,24.1,.,.,.,.,.,.,31.9,23.4,28.1,0.47,0.74,0.56,0.12,.,0.12729167,.,0.12729167,.,.,.,.,.,.,.,.,.,.,.,.,.,.,.,.,.,12.4,8.7,10.55,50.4,90,70.2,12.4,8.9,10.652,222,35,1,1994,298,9.00,0,2,.,2,.,.,.,.,.,.,.,.,0.58,0.15,0.73,.,23.2,.,.,.,.,.,.,.,.,.,.,.,.,23.2,.,.,.,.,.,.,34.5,23,24.2,-0.05,-0.05,-0.23,0.06,.,0.13886364,.,0.13886364,.,.,.,.,.,.,.,.,.,.,.,.,.,.,.,.,.,12.4,8.7,10.55,50.4,90,70.2,12.4,8.9,10.652,736,55,0,1994,298,9.00,0,2,.,2,.,.,.,.,.,.,.,.,0.62,0.15,0.77,.,23.2,.,.,.,.,.,.,.,.,.,.,.,.,23.2,.,.,.,.,.,.,34.5,23,24.5,-0.03,-0.03,-0.16,0.06,.,0.13886364,.,0.13886364,.,.,.,.,.,.,.,.,.,.,.,.,.,.,.,.,.,12.4,8.7,10.55,50.4,90,70.2,12.4,8.9,10.653,313,35,0,1994,298,9.00,-2,1,.,3,.,.,.,.,.,.,.,.,0.62,0.15,0.77,.,22,.,.,.,.,.,.,.,.,.,.,.,.,22,.,.,.,.,.,.,33.9,21.8,23.4,-0.09,-0.09,-0.47,0.1,.,0.154292933,.,0.154292933,.,.,.,.,.,.,.,.,.,.,.,.,.,.,.,.,.,12.4,8.7,10.55,50.4,90,70.2,12.4,8.9,10.653,656,35,0,1994,298,9.00,0,2,.,2,.,.,.,.,.,.,.,.,0.62,0.15,0.77,.,21.3,.,.,.,.,.,.,.,.,.,.,.,.,21.3,.,.,.,.,.,.,37.1,21.2,22.8,-0.12,-0.12,-0.63,0.13,.,0.163293354,.,0.163293354,.,.,.,.,.,.,.,.,.,.,.,.,.,.,.,.,.,12.4,8.7,10.55,50.4,90,70.2,12.4,8.9,10.653,934,25,1,1994,298,9.00,1,2,.,2,.,.,.,.,.,.,.,.,0.62,0.15,0.77,.,21.6,.,.,.,.,.,.,.,.,.,.,.,.,21.6,.,.,.,.,.,.,34.7,21.4,23,-0.11,-0.11,-0.57,0.12,.,0.159436031,.,0.159436031,.,.,.,.,.,.,.,.,.,.,.,.,.,.,.,.,.,12.4,8.7,10.55,50.4,90,70.2,12.4,8.9,10.653,1115,.,.,1994,298,9.00,0,2,.,2,.,.,.,.,.,.,.,.,0.72,0.15,0.87,.,20.9,.,.,.,.,.,.,.,.,.,.,.,.,20.9,.,.,.,.,.,.,38.9,20.8,23.2,-0.1,-0.1,-0.53,0.11,.,0.168436452,.,0.168436452,.,.,.,.,.,.,.,.,.,.,.,.,.,.,.,.,.,12.4,8.7,10.55,50.4,90,70.2,12.4,8.9,10.653,1262,25,1,1994,298,9.00,-1,2,.,3,.,.,.,.,.,.,.,.,0.87,0.15,1.02,.,20.9,.,.,.,.,.,.,.,.,.,.,.,.,20.9,.,.,.,.,.,.,38.9,20.8,24.3,-0.05,-0.05,-0.28,0.07,.,0.168436452,.,0.168436452,.,.,.,.,.,.,.,.,.,.,.,.,.,.,.,.,.,12.4,8.7,10.55,50.4,90,70.2,12.4,8.9,10.653,1330,25,1,1994,298,9.00,-1,2,.,3,.,.,.,.,.,.,.,.,0.75,0.15,0.9,.,20.9,.,.,.,.,.,.,.,.,.,.,.,.,20.9,.,.,.,.,.,.,38.9,20.8,23.4,-0.09,-0.09,-0.47,0.1,.,0.168436452,.,0.168436452,.,.,.,.,.,.,.,.,.,.,.,.,.,.,.,.,.,12.4,8.7,10.55,50.4,90,70.2,12.4,8.9,10.653,1461,45,1,1994,298,9.00,1,2,.,2,.,.,.,.,.,.,.,.,0.67,0.15,0.82,.,20.9,.,.,.,.,.,.,.,.,.,.,.,.,20.9,.,.,.,.,.,.,38.9,20.8,22.8,-0.12,-0.12,-0.62,0.13,.,0.168436452,.,0.168436452,.,.,.,.,.,.,.,.,.,.,.,.,.,.,.,.,.,12.4,8.7,10.55,50.4,90,70.2,12.4,8.9,10.653,1628,25,1,1994,298,9.00,-1,2,.,3,.,.,.,.,.,.,.,.,0.76,0.15,0.91,.,22,.,.,.,.,.,.,.,.,.,.,.,.,22,.,.,.,.,.,.,33,21.8,24.4,-0.04,-0.04,-0.24,0.06,.,0.154292933,.,0.154292933,.,.,.,.,.,.,.,.,.,.,.,.,.,.,.,.,.,12.4,8.7,10.55,50.4,90,70.2,12.4,8.9,10.653,1720,45,1,1994,298,9.00,0,2,.,2,.,.,.,.,.,.,.,.,0.5,0.15,0.65,.,22,.,.,.,.,.,.,.,.,.,.,.,.,22,.,.,.,.,.,.,33,21.8,22.4,-0.14,-0.14,-0.72,0.16,.,0.154292933,.,0.154292933,.,.,.,.,.,.,.,.,.,.,.,.,.,.,.,.,.,12.4,8.7,10.55,50.4,90,70.2,12.4,8.9,10.653,1773,25,1,1994,298,9.00,0,2,.,2,.,.,.,.,.,.,.,.,0.83,0.15,0.98,.,22,.,.,.,.,.,.,.,.,.,.,.,.,22,.,.,.,.,.,.,35.6,21.8,25,-0.02,-0.02,-0.11,0.05,.,0.154292933,.,0.154292933,.,.,.,.,.,.,.,.,.,.,.,.,.,.,.,.,.,12.4,8.7,10.55,50.4,90,70.2,12.4,8.9,10.654,9,35,1,1994,298,9.00,0,2,.,2,.,.,.,.,.,.,.,.,0.76,0.15,0.91,.,23.4,.,.,.,.,.,.,.,.,.,.,.,.,23.4,.,.,.,.,.,.,34.4,23.1,25.7,0.04,0.09,0.1,0.05,.,0.136292091,.,0.136292091,.,.,.,.,.,.,.,.,.,.,.,.,.,.,.,.,.,12.4,8.7,10.55,50.4,90,70.2,12.4,8.9,10.651,461,45,0,1994,298,10.00,0,2,.,2,.,.,.,.,.,.,.,.,0.72,0.15,0.87,.,24.1,.,.,.,.,.,.,.,.,.,.,.,.,24.1,.,.,.,.,.,.,31.4,23.6,26,0.11,0.18,0.19,0.06,.,0.12729167,.,0.12729167,.,.,.,.,.,.,.,.,.,.,.,.,.,.,.,.,.,12.4,8.8,10.6,50.4,88.6,69.5,12.4,9,10.72,6,35,1,1994,298,10.00,1,2,.,1,.,.,.,.,.,.,.,.,0.66,0.15,0.81,.,23.2,.,.,.,.,.,.,.,.,.,.,.,.,23.2,.,.,.,.,.,.,33.4,23,24.8,-0.02,-0.02,-0.11,0.05,.,0.13886364,.,0.13886364,.,.,.,.,.,.,.,.,.,.,.,.,.,.,.,.,.,12.4,8.8,10.6,50.4,88.6,69.5,12.4,9,10.72,73,25,1,1994,298,10.00,1,2,.,1,.,.,.,.,.,.,.,.,0.36,0.15,0.51,.,23.2,.,.,.,.,.,.,.,.,.,.,.,.,23.2,.,.,.,.,.,.,33.4,23,22.4,-0.14,-0.14,-0.71,0.16,.,0.13886364,.,0.13886364,.,.,.,.,.,.,.,.,.,.,.,.,.,.,.,.,.,12.4,8.8,10.6,50.4,88.6,69.5,12.4,9,10.72,149,45,1,1994,298,10.00,-1,2,.,2,.,.,.,.,.,.,.,.,1.21,0.15,1.36,.,23.2,.,.,.,.,.,.,.,.,.,.,.,.,23.2,.,.,.,.,.,.,33.4,22.6,28.4,0.49,0.84,0.55,0.11,.,0.13886364,.,0.13886364,.,.,.,.,.,.,.,.,.,.,.,.,.,.,.,.,.,12.4,8.8,10.6,50.4,88.6,69.5,12.4,9,10.72,284,45,1,1994,298,10.00,0,2,.,2,.,.,.,.,.,.,.,.,0.92,0.15,1.07,.,23.2,.,.,.,.,.,.,.,.,.,.,.,.,23.2,.,.,.,.,.,.,33.4,22.7,26.6,0.21,0.33,0.25,0.06,.,0.13886364,.,0.13886364,.,.,.,.,.,.,.,.,.,.,.,.,.,.,.,.,.,12.4,8.8,10.6,50.4,88.6,69.5,12.4,9,10.73,16,35,0,1994,298,10.00,0,2,.,2,.,.,.,.,.,.,.,.,0.62,0.15,0.77,.,22,.,.,.,.,.,.,.,.,.,.,.,.,22,.,.,.,.,.,.,32.6,21.8,23.4,-0.09,-0.09,-0.48,0.1,.,0.154292933,.,0.154292933,.,.,.,.,.,.,.,.,.,.,.,.,.,.,.,.,.,12.4,8.8,10.6,50.4,88.6,69.5,12.4,9,10.73,1410,45,0,1994,298,10.00,-1,2,.,3,.,.,.,.,.,.,.,.,1.06,0.15,1.21,.,22,.,.,.,.,.,.,.,.,.,.,.,.,22,.,.,.,.,.,.,32.6,21.6,26.5,0.17,0.3,0.16,0.06,.,0.154292933,.,0.154292933,.,.,.,.,.,.,.,.,.,.,.,.,.,.,.,.,.,12.4,8.8,10.6,50.4,88.6,69.5,12.4,9,10.71,261,45,1,1994,298,14.00,2,1,.,1,.,.,.,.,.,.,.,.,0.57,0.15,0.72,.,23.8,.,.,.,.,.,.,.,.,.,.,.,.,23.8,.,.,.,.,.,.,26.6,23.5,24.6,-0.03,-0.03,-0.14,0.05,.,0.131148993,.,0.131148993,.,.,.,.,.,.,.,.,.,.,.,.,.,.,.,.,.,12.4,11.6,12,50.4,60.4,55.4,12.4,11.6,121,462,45,0,1994,298,14.00,0,2,.,2,.,.,.,.,.,.,.,.,0.72,0.15,0.87,.,23.8,.,.,.,.,.,.,.,.,.,.,.,.,23.8,.,.,.,.,.,.,26.6,23.3,25.6,0.03,0.08,0.09,0.05,.,0.131148993,.,0.131148993,.,.,.,.,.,.,.,.,.,.,.,.,.,.,.,.,.,12.4,11.6,12,50.4,60.4,55.4,12.4,11.6,121,531,35,0,1994,298,14.00,2,1,.,1,.,.,.,.,.,.,.,.,0.62,0.15,0.77,.,23.8,.,.,.,.,.,.,.,.,.,.,.,.,23.8,.,.,.,.,.,.,26.6,23.5,25,-0.01,-0.01,-0.06,0.05,.,0.131148993,.,0.131148993,.,.,.,.,.,.,.,.,.,.,.,.,.,.,.,.,.,12.4,11.6,12,50.4,60.4,55.4,12.4,11.6,122,285,45,1,1994,298,14.00,0,2,.,2,.,.,.,.,.,.,.,.,0.92,0.15,1.07,.,23.6,.,.,.,.,.,.,.,.,.,.,.,.,23.6,.,.,.,.,.,.,28.4,23,26.8,0.26,0.39,0.3,0.07,.,0.133720542,.,0.133720542,.,.,.,.,.,.,.,.,.,.,.,.,.,.,.,.,.,12.4,11.6,12,50.4,60.4,55.4,12.4,11.6,122,584,45,0,1994,298,14.00,0,2,.,2,.,.,.,.,.,.,.,.,0.51,0.15,0.66,.,23.6,.,.,.,.,.,.,.,.,.,.,.,.,23.6,.,.,.,.,.,.,28.4,23.3,24,-0.06,-0.06,-0.3,0.07,.,0.133720542,.,0.133720542,.,.,.,.,.,.,.,.,.,.,.,.,.,.,.,.,.,12.4,11.6,12,50.4,60.4,55.4,12.4,11.6,122,737,55,0,1994,298,14.00,0,2,.,2,.,.,.,.,.,.,.,.,0.62,0.15,0.77,.,23.6,.,.,.,.,.,.,.,.,.,.,.,.,23.6,.,.,.,.,.,.,28.4,23.3,24.8,-0.02,-0.02,-0.1,0.05,.,0.133720542,.,0.133720542,.,.,.,.,.,.,.,.,.,.,.,.,.,.,.,.,.,12.4,11.6,12,50.4,60.4,55.4,12.4,11.6,123,17,35,0,1994,298,14.00,0,2,.,2,.,.,.,.,.,.,.,.,0.62,0.15,0.77,.,23.8,.,.,.,.,.,.,.,.,.,.,.,.,23.8,.,.,.,.,.,.,29.1,23.5,25,-0.01,-0.01,-0.05,0.05,.,0.131148993,.,0.131148993,.,.,.,.,.,.,.,.,.,.,.,.,.,.,.,.,.,12.4,11.6,12,50.4,60.4,55.4,12.4,11.6,123,277,45,0,1994,298,14.00,1,2,.,2,.,.,.,.,.,.,.,.,0.4,0.15,0.55,.,23,.,.,.,.,.,.,.,.,.,.,.,.,23,.,.,.,.,.,.,33.7,22.8,22.6,-0.13,-0.13,-0.66,0.14,.,0.141435189,.,0.141435189,.,.,.,.,.,.,.,.,.,.,.,.,.,.,.,.,.,12.4,11.6,12,50.4,60.4,55.4,12.4,11.6,123,598,55,0,1994,298,14.00,1,2,.,2,.,.,.,.,.,.,.,.,0.72,0.15,0.87,.,22.3,.,.,.,.,.,.,.,.,.,.,.,.,22.3,.,.,.,.,.,.,33,22.1,24.4,-0.04,-0.04,-0.23,0.06,.,0.15043561,.,0.15043561,.,.,.,.,.,.,.,.,.,.,.,.,.,.,.,.,.,12.4,11.6,12,50.4,60.4,55.4,12.4,11.6,123,792,25,1,1994,298,14.00,0,2,.,2,.,.,.,.,.,.,.,.,1.05,0.15,1.2,.,23.8,.,.,.,.,.,.,.,.,.,.,.,.,23.8,.,.,.,.,.,.,29.1,23.1,27.8,0.42,0.66,0.49,0.1,.,0.131148993,.,0.131148993,.,.,.,.,.,.,.,.,.,.,.,.,.,.,.,.,.,12.4,11.6,12,50.4,60.4,55.4,12.4,11.6,123,1263,25,1,1994,298,14.00,0,2,.,3,.,.,.,.,.,.,.,.,0.85,0.15,1,.,22,.,.,.,.,.,.,.,.,.,.,.,.,22,.,.,.,.,.,.,34.2,21.8,25.1,-0.01,-0.01,-0.1,0.05,.,0.154292933,.,0.154292933,.,.,.,.,.,.,.,.,.,.,.,.,.,.,.,.,.,12.4,11.6,12,50.4,60.4,55.4,12.4,11.6,123,1331,25,1,1994,298,14.00,0,2,.,2,.,.,.,.,.,.,.,.,0.75,0.15,0.9,.,22,.,.,.,.,.,.,.,.,.,.,.,.,22,.,.,.,.,.,.,34.2,21.8,24.4,-0.04,-0.04,-0.25,0.06,.,0.154292933,.,0.154292933,.,.,.,.,.,.,.,.,.,.,.,.,.,.,.,.,.,12.4,11.6,12,50.4,60.4,55.4,12.4,11.6,123,1411,45,0,1994,298,14.00,0,2,.,2,.,.,.,.,.,.,.,.,1.06,0.15,1.21,.,23.8,.,.,.,.,.,.,.,.,.,.,.,.,23.8,.,.,.,.,.,.,29.1,23.1,27.9,0.43,0.68,0.5,0.1,.,0.131148993,.,0.131148993,.,.,.,.,.,.,.,.,.,.,.,.,.,.,.,.,.,12.4,11.6,12,50.4,60.4,55.4,12.4,11.6,123,1530,.,.,1994,298,14.00,0,2,.,2,.,.,.,.,.,.,.,.,1.11,0.15,1.26,.,22.7,.,.,.,.,.,.,.,.,.,.,.,.,22.7,.,.,.,.,.,.,34.1,22.2,27.5,0.33,0.56,0.36,0.08,.,0.145292512,.,0.145292512,.,.,.,.,.,.,.,.,.,.,.,.,.,.,.,.,.,12.4,11.6,12,50.4,60.4,55.4,12.4,11.6,123,1721,45,1,1994,298,14.00,2,1,.,1,.,.,.,.,.,.,.,.,0.31,0.15,0.46,.,23,.,.,.,.,.,.,.,.,.,.,.,.,23,.,.,.,.,.,.,33.7,22.8,21.8,-0.17,-0.17,-0.88,0.21,.,0.141435189,.,0.141435189,.,.,.,.,.,.,.,.,.,.,.,.,.,.,.,.,.,12.4,11.6,12,50.4,60.4,55.4,12.4,11.6,123,1774,25,1,1994,298,14.00,1,2,.,2,.,.,.,.,.,.,.,.,0.49,0.15,0.64,.,22.7,.,.,.,.,.,.,.,.,.,.,.,.,22.7,.,.,.,.,.,.,34.1,22.5,23,-0.1,-0.1,-0.55,0.11,.,0.145292512,.,0.145292512,.,.,.,.,.,.,.,.,.,.,.,.,.,.,.,.,.,12.4,11.6,12,50.4,60.4,55.4,12.4,11.6,124,10,35,1,1994,298,14.00,-1,2,.,3,.,.,.,.,.,.,.,.,0.76,0.15,0.91,.,23,.,.,.,.,.,.,.,.,.,.,.,.,23,.,.,.,.,.,.,26.2,22.6,25.2,-0.01,-0.01,-0.05,0.05,.,0.141435189,.,0.141435189,.,.,.,.,.,.,.,.,.,.,.,.,.,.,.,.,.,12.4,11.6,12,50.4,60.4,55.4,12.4,11.6,121,81,45,0,1994,298,15.00,1,2,.,3,.,.,.,.,.,.,.,.,0.83,0.15,0.98,.,23.4,.,.,.,.,.,.,.,.,.,.,.,.,23.4,.,.,.,.,.,.,26,22.9,26,0.1,0.17,0.14,0.05,.,0.136292091,.,0.136292091,.,.,.,.,.,.,.,.,.,.,.,.,.,.,.,.,.,12.4,12.4,12.4,50.4,50.4,50.4,12.4,12.4,12.41,384,45,0,1994,298,15.00,1,2,.,1,.,.,.,.,.,.,.,.,0.45,0.15,0.6,.,23.4,.,.,.,.,.,.,.,.,.,.,.,.,23.4,.,.,.,.,.,.,26,23.1,23.3,-0.09,-0.09,-0.49,0.1,.,0.136292091,.,0.136292091,.,.,.,.,.,.,.,.,.,.,.,.,.,.,.,.,.,12.4,12.4,12.4,50.4,50.4,50.4,12.4,12.4,12.42,7,35,1,1994,298,15.00,1,2,.,1,.,.,.,.,.,.,.,.,0.66,0.15,0.81,.,23.6,.,.,.,.,.,.,.,.,.,.,.,.,23.6,.,.,.,.,.,.,27.5,23.2,25.1,-0.01,-0.01,-0.05,0.05,.,0.133720542,.,0.133720542,.,.,.,.,.,.,.,.,.,.,.,.,.,.,.,.,.,12.4,12.4,12.4,50.4,50.4,50.4,12.4,12.4,12.42,223,35,1,1994,298,15.00,2,1,.,1,.,.,.,.,.,.,.,.,0.58,0.15,0.73,.,23.6,.,.,.,.,.,.,.,.,.,.,.,.,23.6,.,.,.,.,.,.,27.5,23.3,24.5,-0.04,-0.04,-0.18,0.06,.,0.133720542,.,0.133720542,.,.,.,.,.,.,.,.,.,.,.,.,.,.,.,.,.,12.4,12.4,12.4,50.4,50.4,50.4,12.4,12.4,12.42,492,45,1,1994,298,15.00,0,2,.,2,.,.,.,.,.,.,.,.,0.57,0.15,0.72,.,23.6,.,.,.,.,.,.,.,.,.,.,.,.,23.6,.,.,.,.,.,.,27.5,23.3,24.4,-0.04,-0.04,-0.19,0.06,.,0.133720542,.,0.133720542,.,.,.,.,.,.,.,.,.,.,.,.,.,.,.,.,.,12.4,12.4,12.4,50.4,50.4,50.4,12.4,12.4,12.43,657,35,0,1994,298,15.00,0,2,.,2,.,.,.,.,.,.,.,.,0.62,0.15,0.77,.,22.3,.,.,.,.,.,.,.,.,.,.,.,.,22.3,.,.,.,.,.,.,32,22.1,23.7,-0.08,-0.08,-0.41,0.08,.,0.15043561,.,0.15043561,.,.,.,.,.,.,.,.,.,.,.,.,.,.,.,.,.,12.4,12.4,12.4,50.4,50.4,50.4,12.4,12.4,12.43,1074,35,1,1994,298,15.00,0,2,.,2,.,.,.,.,.,.,.,.,0.84,0.15,0.99,.,22.7,.,.,.,.,.,.,.,.,.,.,.,.,22.7,.,.,.,.,.,.,33.7,22.4,25.7,0.01,0.06,0.05,0.05,.,0.145292512,.,0.145292512,.,.,.,.,.,.,.,.,.,.,.,.,.,.,.,.,.,12.4,12.4,12.4,50.4,50.4,50.4,12.4,12.4,12.43,1980,25,1,1994,298,15.00,2,1,.,1,.,.,.,.,.,.,.,.,0.58,0.15,0.73,.,23,.,.,.,.,.,.,.,.,.,.,.,.,23,.,.,.,.,.,.,29.3,22.7,24,-0.06,-0.06,-0.32,0.07,.,0.141435189,.,0.141435189,.,.,.,.,.,.,.,.,.,.,.,.,.,.,.,.,.,12.4,12.4,12.4,50.4,50.4,50.4,12.4,12.4,12.41,262,45,1,1994,299,10.00,0,2,.,2,.,.,.,.,.,.,.,.,0.5,0.15,0.65,.,23.8,.,.,.,.,.,.,.,.,.,.,.,.,23.8,.,.,.,.,.,.,26.6,23.5,24.1,-0.06,-0.06,-0.27,0.06,.,0.131148993,.,0.131148993,.,.,.,.,.,.,.,.,.,.,.,.,.,.,.,.,.,9.6,6.8,8.2,61.3,81.9,71.6,9.6,6.9,8.251,463,45,0,1994,299,10.00,0,2,.,2,.,.,.,.,.,.,.,.,0.72,0.15,0.87,.,23.8,.,.,.,.,.,.,.,.,.,.,.,.,23.8,.,.,.,.,.,.,26.6,23.3,25.6,0.03,0.08,0.09,0.05,.,0.131148993,.,0.131148993,.,.,.,.,.,.,.,.,.,.,.,.,.,.,.,.,.,9.6,6.8,8.2,61.3,81.9,71.6,9.6,6.9,8.251,532,35,0,1994,299,10.00,1,2,.,1,.,.,.,.,.,.,.,.,0.62,0.15,0.77,.,23.8,.,.,.,.,.,.,.,.,.,.,.,.,23.8,.,.,.,.,.,.,26.6,23.5,25,-0.01,-0.01,-0.06,0.05,.,0.131148993,.,0.131148993,.,.,.,.,.,.,.,.,.,.,.,.,.,.,.,.,.,9.6,6.8,8.2,61.3,81.9,71.6,9.6,6.9,8.252,8,35,1,1994,299,10.00,0,2,.,2,.,.,.,.,.,.,.,.,0.49,0.15,0.64,.,23.2,.,.,.,.,.,.,.,.,.,.,.,.,23.2,.,.,.,.,.,.,28.2,22.9,23.5,-0.09,-0.09,-0.45,0.09,.,0.13886364,.,0.13886364,.,.,.,.,.,.,.,.,.,.,.,.,.,.,.,.,.,9.6,6.8,8.2,61.3,81.9,71.6,9.6,6.9,8.252,151,45,1,1994,299,10.00,1,2,.,2,.,.,.,.,.,.,.,.,0.74,0.15,0.89,.,23.2,.,.,.,.,.,.,.,.,.,.,.,.,23.2,.,.,.,.,.,.,28.2,22.8,25.3,-0.01,-0.01,-0.02,0.05,.,0.13886364,.,0.13886364,.,.,.,.,.,.,.,.,.,.,.,.,.,.,.,.,.,9.6,6.8,8.2,61.3,81.9,71.6,9.6,6.9,8.252,359,35,1,1994,299,10.00,0,2,.,2,.,.,.,.,.,.,.,.,0.75,0.15,0.9,.,23.2,.,.,.,.,.,.,.,.,.,.,.,.,23.2,.,.,.,.,.,.,28.2,22.8,25.4,0,0,0,0.05,.,0.13886364,.,0.13886364,.,.,.,.,.,.,.,.,.,.,.,.,.,.,.,.,.,9.6,6.8,8.2,61.3,81.9,71.6,9.6,6.9,8.252,493,45,1,1994,299,10.00,0,2,.,2,.,.,.,.,.,.,.,.,0.7,0.15,0.85,.,23.2,.,.,.,.,.,.,.,.,.,.,.,.,23.2,.,.,.,.,.,.,28.2,22.9,25,-0.01,-0.01,-0.08,0.05,.,0.13886364,.,0.13886364,.,.,.,.,.,.,.,.,.,.,.,.,.,.,.,.,.,9.6,6.8,8.2,61.3,81.9,71.6,9.6,6.9,8.252,738,55,0,1994,299,10.00,0,2,.,2,.,.,.,.,.,.,.,.,0.62,0.15,0.77,.,23.2,.,.,.,.,.,.,.,.,.,.,.,.,23.2,.,.,.,.,.,.,28.2,22.9,24.5,-0.04,-0.04,-0.2,0.06,.,0.13886364,.,0.13886364,.,.,.,.,.,.,.,.,.,.,.,.,.,.,.,.,.,9.6,6.8,8.2,61.3,81.9,71.6,9.6,6.9,8.253,314,35,0,1994,299,10.00,1,2,.,2,.,.,.,.,.,.,.,.,0.57,0.15,0.72,.,22.7,.,.,.,.,.,.,.,.,.,.,.,.,22.7,.,.,.,.,.,.,33.5,22.5,23.7,-0.07,-0.07,-0.39,0.08,.,0.145292512,.,0.145292512,.,.,.,.,.,.,.,.,.,.,.,.,.,.,.,.,.,9.6,6.8,8.2,61.3,81.9,71.6,9.6,6.9,8.253,1531,.,.,1994,299,10.00,.,.,.,2,.,.,.,.,.,.,.,.,1.25,0.15,1.4,.,22.3,.,.,.,.,.,.,.,.,.,.,.,.,22.3,.,.,.,.,.,.,33.5,21.8,28,0.4,0.71,0.42,0.09,.,0.15043561,.,0.15043561,.,.,.,.,.,.,.,.,.,.,.,.,.,.,.,.,.,9.6,6.8,8.2,61.3,81.9,71.6,9.6,6.9,8.253,1722,45,1,1994,299,10.00,0,2,.,2,.,.,.,.,.,.,.,.,0.63,0.15,0.78,.,22.7,.,.,.,.,.,.,.,.,.,.,.,.,22.7,.,.,.,.,.,.,31,22.5,24.1,-0.06,-0.06,-0.29,0.07,.,0.145292512,.,0.145292512,.,.,.,.,.,.,.,.,.,.,.,.,.,.,.,.,.,9.6,6.8,8.2,61.3,81.9,71.6,9.6,6.9,8.253,1775,25,1,1994,299,10.00,-2,1,.,3,.,.,.,.,.,.,.,.,0.96,0.15,1.11,.,22.3,.,.,.,.,.,.,.,.,.,.,.,.,22.3,.,.,.,.,.,.,33.5,21.9,26.1,0.1,0.19,0.11,0.05,.,0.15043561,.,0.15043561,.,.,.,.,.,.,.,.,.,.,.,.,.,.,.,.,.,9.6,6.8,8.2,61.3,81.9,71.6,9.6,6.9,8.251,82,45,0,1994,299,11.00,0,2,.,2,.,.,.,.,.,.,.,.,1.38,0.15,1.53,.,23.4,.,.,.,.,.,.,.,.,.,.,.,.,23.4,.,.,.,.,.,.,26.6,22.4,29.4,0.63,1.11,0.68,0.15,.,0.136292091,.,0.136292091,.,.,.,.,.,.,.,.,.,.,.,.,.,.,.,.,.,9.6,8.8,9.2,61.3,71.5,66.4,9.6,8.9,9.252,75,25,1,1994,299,11.00,1,2,.,2,.,.,.,.,.,.,.,.,0.36,0.15,0.51,.,23.2,.,.,.,.,.,.,.,.,.,.,.,.,23.2,.,.,.,.,.,.,27.7,22.9,22.4,-0.14,-0.14,-0.74,0.16,.,0.13886364,.,0.13886364,.,.,.,.,.,.,.,.,.,.,.,.,.,.,.,.,.,9.6,8.8,9.2,61.3,71.5,66.4,9.6,8.9,9.252,585,45,0,1994,299,11.00,-1,2,.,3,.,.,.,.,.,.,.,.,0.59,0.15,0.74,.,23.2,.,.,.,.,.,.,.,.,.,.,.,.,23.2,.,.,.,.,.,.,27.7,22.9,24.2,-0.05,-0.05,-0.26,0.06,.,0.13886364,.,0.13886364,.,.,.,.,.,.,.,.,.,.,.,.,.,.,.,.,.,9.6,8.8,9.2,61.3,71.5,66.4,9.6,8.9,9.253,599,55,0,1994,299,11.00,0,2,.,2,.,.,.,.,.,.,.,.,0.93,0.15,1.08,.,20.9,.,.,.,.,.,.,.,.,.,.,.,.,20.9,.,.,.,.,.,.,37.5,20.8,24.7,-0.03,-0.03,-0.2,0.06,.,0.168436452,.,0.168436452,.,.,.,.,.,.,.,.,.,.,.,.,.,.,.,.,.,9.6,8.8,9.2,61.3,71.5,66.4,9.6,8.9,9.253,658,35,0,1994,299,11.00,0,2,.,2,.,.,.,.,.,.,.,.,1.06,0.15,1.21,.,20.9,.,.,.,.,.,.,.,.,.,.,.,.,20.9,.,.,.,.,.,.,37.5,20.7,25.7,0,0,-0.03,0.05,.,0.168436452,.,0.168436452,.,.,.,.,.,.,.,.,.,.,.,.,.,.,.,.,.,9.6,8.8,9.2,61.3,71.5,66.4,9.6,8.9,9.253,1462,45,1,1994,299,11.00,0,2,.,2,.,.,.,.,.,.,.,.,0.56,0.15,0.71,.,21.6,.,.,.,.,.,.,.,.,.,.,.,.,21.6,.,.,.,.,.,.,34.7,21.4,22.5,-0.13,-0.13,-0.69,0.15,.,0.159436031,.,0.159436031,.,.,.,.,.,.,.,.,.,.,.,.,.,.,.,.,.,9.6,8.8,9.2,61.3,71.5,66.4,9.6,8.9,9.253,1630,25,1,1994,299,11.00,-1,2,.,3,.,.,.,.,.,.,.,.,0.58,0.15,0.73,.,22.7,.,.,.,.,.,.,.,.,.,.,.,.,22.7,.,.,.,.,.,.,28.9,22.5,23.7,-0.07,-0.07,-0.4,0.08,.,0.145292512,.,0.145292512,.,.,.,.,.,.,.,.,.,.,.,.,.,.,.,.,.,9.6,8.8,9.2,61.3,71.5,66.4,9.6,8.9,9.254,11,35,1,1994,299,11.00,1,2,.,2,.,.,.,.,.,.,.,.,0.57,0.15,0.72,.,23.4,.,.,.,.,.,.,.,.,.,.,.,.,23.4,.,.,.,.,.,.,26.7,23.1,24.3,-0.05,-0.05,-0.25,0.06,.,0.136292091,.,0.136292091,.,.,.,.,.,.,.,.,.,.,.,.,.,.,.,.,.,9.6,8.8,9.2,61.3,71.5,66.4,9.6,8.9,9.251,83,45,0,1994,299,15.00,0,2,.,2,.,.,.,.,.,.,.,.,1.38,0.15,1.53,.,23.8,.,.,.,.,.,.,.,.,.,.,.,.,23.8,.,.,.,.,.,.,28.2,22.8,29.7,0.68,1.21,0.76,0.17,.,0.131148993,.,0.131148993,.,.,.,.,.,.,.,.,.,.,.,.,.,.,.,.,.,9.6,9.6,9.6,61.3,61.3,61.3,9.6,9.6,9.61,263,45,1,1994,299,15.00,2,1,.,1,.,.,.,.,.,.,.,.,0.5,0.15,0.65,.,23.8,.,.,.,.,.,.,.,.,.,.,.,.,23.8,.,.,.,.,.,.,28.2,23.5,24.1,-0.05,-0.05,-0.26,0.06,.,0.131148993,.,0.131148993,.,.,.,.,.,.,.,.,.,.,.,.,.,.,.,.,.,9.6,9.6,9.6,61.3,61.3,61.3,9.6,9.6,9.61,385,45,0,1994,299,15.00,1,2,.,2,.,.,.,.,.,.,.,.,0.66,0.15,0.81,.,23.8,.,.,.,.,.,.,.,.,.,.,.,.,23.8,.,.,.,.,.,.,28.2,23.4,25.3,-0.01,-0.01,0.01,0.05,.,0.131148993,.,0.131148993,.,.,.,.,.,.,.,.,.,.,.,.,.,.,.,.,.,9.6,9.6,9.6,61.3,61.3,61.3,9.6,9.6,9.62,9,35,1,1994,299,15.00,0,2,.,2,.,.,.,.,.,.,.,.,0.49,0.15,0.64,.,23.2,.,.,.,.,.,.,.,.,.,.,.,.,23.2,.,.,.,.,.,.,27.4,22.9,23.4,-0.09,-0.09,-0.45,0.09,.,0.13886364,.,0.13886364,.,.,.,.,.,.,.,.,.,.,.,.,.,.,.,.,.,9.6,9.6,9.6,61.3,61.3,61.3,9.6,9.6,9.62,76,25,1,1994,299,15.00,0,2,.,2,.,.,.,.,.,.,.,.,0.36,0.15,0.51,.,23.2,.,.,.,.,.,.,.,.,.,.,.,.,23.2,.,.,.,.,.,.,27.4,22.9,22.4,-0.14,-0.14,-0.74,0.17,.,0.13886364,.,0.13886364,.,.,.,.,.,.,.,.,.,.,.,.,.,.,.,.,.,9.6,9.6,9.6,61.3,61.3,61.3,9.6,9.6,9.62,152,45,1,1994,299,15.00,0,2,.,2,.,.,.,.,.,.,.,.,1.08,0.15,1.23,.,23.2,.,.,.,.,.,.,.,.,.,.,.,.,23.2,.,.,.,.,.,.,27.4,22.5,27.5,0.36,0.56,0.39,0.08,.,0.13886364,.,0.13886364,.,.,.,.,.,.,.,.,.,.,.,.,.,.,.,.,.,9.6,9.6,9.6,61.3,61.3,61.3,9.6,9.6,9.62,739,55,0,1994,299,15.00,0,2,.,2,.,.,.,.,.,.,.,.,0.62,0.15,0.77,.,23.2,.,.,.,.,.,.,.,.,.,.,.,.,23.2,.,.,.,.,.,.,27.4,22.9,24.4,-0.04,-0.04,-0.21,0.06,.,0.13886364,.,0.13886364,.,.,.,.,.,.,.,.,.,.,.,.,.,.,.,.,.,9.6,9.6,9.6,61.3,61.3,61.3,9.6,9.6,9.63,19,35,0,1994,299,15.00,0,2,.,2,.,.,.,.,.,.,.,.,0.62,0.15,0.77,.,22,.,.,.,.,.,.,.,.,.,.,.,.,22,.,.,.,.,.,.,34.7,21.8,23.4,-0.09,-0.09,-0.47,0.1,.,0.154292933,.,0.154292933,.,.,.,.,.,.,.,.,.,.,.,.,.,.,.,.,.,9.6,9.6,9.6,61.3,61.3,61.3,9.6,9.6,9.63,220,35,0,1994,299,15.00,0,2,.,2,.,.,.,.,.,.,.,.,0.96,0.15,1.11,.,21.3,.,.,.,.,.,.,.,.,.,.,.,.,21.3,.,.,.,.,.,.,32.8,21.1,25.2,-0.01,-0.01,-0.1,0.05,.,0.163293354,.,0.163293354,.,.,.,.,.,.,.,.,.,.,.,.,.,.,.,.,.,9.6,9.6,9.6,61.3,61.3,61.3,9.6,9.6,9.63,315,35,0,1994,299,15.00,0,2,.,2,.,.,.,.,.,.,.,.,0.62,0.15,0.77,.,21.3,.,.,.,.,.,.,.,.,.,.,.,.,21.3,.,.,.,.,.,.,32.8,21.1,22.7,-0.12,-0.12,-0.65,0.14,.,0.163293354,.,0.163293354,.,.,.,.,.,.,.,.,.,.,.,.,.,.,.,.,.,9.6,9.6,9.6,61.3,61.3,61.3,9.6,9.6,9.63,544,45,0,1994,299,15.00,1,2,.,2,.,.,.,.,.,.,.,.,1.06,0.15,1.21,.,20.9,.,.,.,.,.,.,.,.,.,.,.,.,20.9,.,.,.,.,.,.,37,20.7,25.7,0,0,-0.03,0.05,.,0.168436452,.,0.168436452,.,.,.,.,.,.,.,.,.,.,.,.,.,.,.,.,.,9.6,9.6,9.6,61.3,61.3,61.3,9.6,9.6,9.63,1264,25,1,1994,299,15.00,-2,1,.,3,.,.,.,.,.,.,.,.,0.58,0.15,0.73,.,21.6,.,.,.,.,.,.,.,.,.,.,.,.,21.6,.,.,.,.,.,.,34.2,21.4,22.7,-0.12,-0.12,-0.65,0.14,.,0.159436031,.,0.159436031,.,.,.,.,.,.,.,.,.,.,.,.,.,.,.,.,.,9.6,9.6,9.6,61.3,61.3,61.3,9.6,9.6,9.63,1413,45,0,1994,299,15.00,0,2,.,2,.,.,.,.,.,.,.,.,1.14,0.15,1.29,.,22,.,.,.,.,.,.,.,.,.,.,.,.,22,.,.,.,.,.,.,34.7,21.6,27.1,0.26,0.45,0.26,0.06,.,0.154292933,.,0.154292933,.,.,.,.,.,.,.,.,.,.,.,.,.,.,.,.,.,9.6,9.6,9.6,61.3,61.3,61.3,9.6,9.6,9.63,1532,.,.,1994,299,15.00,0,2,.,2,.,.,.,.,.,.,.,.,1.06,0.15,1.21,.,22,.,.,.,.,.,.,.,.,.,.,.,.,22,.,.,.,.,.,.,33.5,21.6,26.6,0.17,0.3,0.17,0.06,.,0.154292933,.,0.154292933,.,.,.,.,.,.,.,.,.,.,.,.,.,.,.,.,.,9.6,9.6,9.6,61.3,61.3,61.3,9.6,9.6,9.63,1776,25,1,1994,299,15.00,0,2,.,2,.,.,.,.,.,.,.,.,0.62,0.15,0.77,.,22,.,.,.,.,.,.,.,.,.,.,.,.,22,.,.,.,.,.,.,33.5,21.8,23.4,-0.09,-0.09,-0.47,0.1,.,0.154292933,.,0.154292933,.,.,.,.,.,.,.,.,.,.,.,.,.,.,.,.,.,9.6,9.6,9.6,61.3,61.3,61.3,9.6,9.6,9.61,194,45,0,1994,299,16.00,1,2,.,2,.,.,.,.,.,.,.,.,0.59,0.15,0.74,.,24.1,.,.,.,.,.,.,.,.,.,.,.,.,24.1,.,.,.,.,.,.,26.1,23.7,25,-0.01,-0.01,-0.04,0.05,.,0.12729167,.,0.12729167,.,.,.,.,.,.,.,.,.,.,.,.,.,.,.,.,.,9.6,9.6,9.6,61.3,64.9,63.1,9.6,9.6,9.62,360,35,1,1994,299,16.00,-1,2,.,3,.,.,.,.,.,.,.,.,0.75,0.15,0.9,.,23.2,.,.,.,.,.,.,.,.,.,.,.,.,23.2,.,.,.,.,.,.,27.4,22.8,25.4,-0.01,-0.01,-0.01,0.05,.,0.13886364,.,0.13886364,.,.,.,.,.,.,.,.,.,.,.,.,.,.,.,.,.,9.6,9.6,9.6,61.3,64.9,63.1,9.6,9.6,9.63,1010,25,0,1994,299,16.00,-2,1,.,3,.,.,.,.,.,.,.,.,0.62,0.15,0.77,.,21.3,.,.,.,.,.,.,.,.,.,.,.,.,21.3,.,.,.,.,.,.,33.3,21.1,22.7,-0.12,-0.12,-0.65,0.14,.,0.163293354,.,0.163293354,.,.,.,.,.,.,.,.,.,.,.,.,.,.,.,.,.,9.6,9.6,9.6,61.3,64.9,63.1,9.6,9.6,9.63,1333,25,1,1994,299,16.00,0,2,.,2,.,.,.,.,.,.,.,.,0.91,0.15,1.06,.,21.3,.,.,.,.,.,.,.,.,.,.,.,.,21.3,.,.,.,.,.,.,34.2,21.1,24.9,-0.02,-0.02,-0.16,0.06,.,0.163293354,.,0.163293354,.,.,.,.,.,.,.,.,.,.,.,.,.,.,.,.,.,9.6,9.6,9.6,61.3,64.9,63.1,9.6,9.7,9.653,1631,25,1,1994,299,16.00,-1,2,.,3,.,.,.,.,.,.,.,.,0.58,0.15,0.73,.,21.3,.,.,.,.,.,.,.,.,.,.,.,.,21.3,.,.,.,.,.,.,33.5,21.1,22.4,-0.14,-0.14,-0.73,0.16,.,0.163293354,.,0.163293354,.,.,.,.,.,.,.,.,.,.,.,.,.,.,.,.,.,9.6,9.6,9.6,61.3,64.9,63.1,9.6,9.6,9.61,84,45,0,1994,300,11.00,0,2,.,2,.,.,.,.,.,.,.,.,0.96,0.15,1.11,.,23.8,.,.,.,.,.,.,.,.,.,.,.,.,23.8,.,.,.,.,.,.,25,23,27.2,0.32,0.48,0.37,0.08,.,0.131148993,.,0.131148993,.,.,.,.,.,.,.,.,.,.,.,.,.,.,.,.,.,9.3,8.6,8.95,55.4,73,64.2,9.3,8.7,91,340,35,0,1994,300,11.00,-1,2,.,2,.,.,.,.,.,.,.,.,0.7,0.15,0.85,.,23.8,.,.,.,.,.,.,.,.,.,.,.,.,23.8,.,.,.,.,.,.,25,23.3,25.5,0,0,0.05,0.05,.,0.131148993,.,0.131148993,.,.,.,.,.,.,.,.,.,.,.,.,.,.,.,.,.,9.3,8.6,8.95,55.4,73,64.2,9.3,8.7,91,386,45,0,1994,300,11.00,0,2,.,2,.,.,.,.,.,.,.,.,0.66,0.15,0.81,.,23.8,.,.,.,.,.,.,.,.,.,.,.,.,23.8,.,.,.,.,.,.,25,23.4,25.2,-0.01,-0.01,-0.01,0.05,.,0.131148993,.,0.131148993,.,.,.,.,.,.,.,.,.,.,.,.,.,.,.,.,.,9.3,8.6,8.95,55.4,73,64.2,9.3,8.7,91,464,45,0,1994,300,11.00,1,2,.,1,.,.,.,.,.,.,.,.,0.72,0.15,0.87,.,23.8,.,.,.,.,.,.,.,.,.,.,.,.,23.8,.,.,.,.,.,.,25,23.3,25.6,0.02,0.06,0.08,0.05,.,0.131148993,.,0.131148993,.,.,.,.,.,.,.,.,.,.,.,.,.,.,.,.,.,9.3,8.6,8.95,55.4,73,64.2,9.3,8.7,91,533,35,0,1994,300,11.00,1,2,.,1,.,.,.,.,.,.,.,.,0.62,0.15,0.77,.,23.8,.,.,.,.,.,.,.,.,.,.,.,.,23.8,.,.,.,.,.,.,25,23.4,25,-0.02,-0.02,-0.07,0.05,.,0.131148993,.,0.131148993,.,.,.,.,.,.,.,.,.,.,.,.,.,.,.,.,.,9.3,8.6,8.95,55.4,73,64.2,9.3,8.7,92,361,35,1,1994,300,11.00,-1,2,.,2,.,.,.,.,.,.,.,.,0.98,0.15,1.13,.,23.2,.,.,.,.,.,.,.,.,.,.,.,.,23.2,.,.,.,.,.,.,24.9,22.5,26.8,0.25,0.38,0.27,0.07,.,0.13886364,.,0.13886364,.,.,.,.,.,.,.,.,.,.,.,.,.,.,.,.,.,9.3,8.6,8.95,55.4,73,64.2,9.3,8.7,93,316,35,0,1994,300,11.00,0,2,.,2,.,.,.,.,.,.,.,.,0.62,0.15,0.77,.,22.3,.,.,.,.,.,.,.,.,.,.,.,.,22.3,.,.,.,.,.,.,29.2,22.1,23.6,-0.08,-0.08,-0.43,0.09,.,0.15043561,.,0.15043561,.,.,.,.,.,.,.,.,.,.,.,.,.,.,.,.,.,9.3,8.6,8.95,55.4,73,64.2,9.3,8.7,93,935,25,1,1994,300,11.00,1,2,.,1,.,.,.,.,.,.,.,.,0.67,0.15,0.82,.,21.3,.,.,.,.,.,.,.,.,.,.,.,.,21.3,.,.,.,.,.,.,31,21.1,23.1,-0.1,-0.1,-0.57,0.12,.,0.163293354,.,0.163293354,.,.,.,.,.,.,.,.,.,.,.,.,.,.,.,.,.,9.3,8.6,8.95,55.4,73,64.2,9.3,8.7,93,1075,35,1,1994,300,11.00,-3,1,.,3,.,.,.,.,.,.,.,.,1.08,0.15,1.23,.,22.3,.,.,.,.,.,.,.,.,.,.,.,.,22.3,.,.,.,.,.,.,31.5,21.8,26.9,0.23,0.4,0.24,0.06,.,0.15043561,.,0.15043561,.,.,.,.,.,.,.,.,.,.,.,.,.,.,.,.,.,9.3,8.6,8.95,55.4,73,64.2,9.3,8.7,93,1265,25,1,1994,300,11.00,1,2,.,3,.,.,.,.,.,.,.,.,1.12,0.15,1.27,.,21.3,.,.,.,.,.,.,.,.,.,.,.,.,21.3,.,.,.,.,.,.,33.1,20.9,26.4,0.12,0.23,0.09,0.05,.,0.163293354,.,0.163293354,.,.,.,.,.,.,.,.,.,.,.,.,.,.,.,.,.,9.3,8.6,8.95,55.4,73,64.2,9.3,8.7,93,1334,25,1,1994,300,11.00,2,1,.,2,.,.,.,.,.,.,.,.,0.94,0.15,1.09,.,21.3,.,.,.,.,.,.,.,.,.,.,.,.,21.3,.,.,.,.,.,.,33.1,21.1,25.1,-0.01,-0.01,-0.13,0.05,.,0.163293354,.,0.163293354,.,.,.,.,.,.,.,.,.,.,.,.,.,.,.,.,.,9.3,8.6,8.95,55.4,73,64.2,9.3,8.7,93,1464,45,1,1994,300,11.00,0,2,.,1,.,.,.,.,.,.,.,.,0.58,0.15,0.73,.,21.3,.,.,.,.,.,.,.,.,.,.,.,.,21.3,.,.,.,.,.,.,33.1,21.1,22.4,-0.14,-0.14,-0.73,0.16,.,0.163293354,.,0.163293354,.,.,.,.,.,.,.,.,.,.,.,.,.,.,.,.,.,9.3,8.6,8.95,55.4,73,64.2,9.3,8.7,93,1723,45,1,1994,300,11.00,0,2,.,2,.,.,.,.,.,.,.,.,0.63,0.15,0.78,.,22.3,.,.,.,.,.,.,.,.,.,.,.,.,22.3,.,.,.,.,.,.,31.5,22.1,23.7,-0.07,-0.07,-0.39,0.08,.,0.15043561,.,0.15043561,.,.,.,.,.,.,.,.,.,.,.,.,.,.,.,.,.,9.3,8.6,8.95,55.4,73,64.2,9.3,8.7,93,1981,25,1,1994,300,11.00,0,2,.,2,.,.,.,.,.,.,.,.,0.58,0.15,0.73,.,22.3,.,.,.,.,.,.,.,.,.,.,.,.,22.3,.,.,.,.,.,.,29.2,22.1,23.3,-0.09,-0.09,-0.5,0.1,.,0.15043561,.,0.15043561,.,.,.,.,.,.,.,.,.,.,.,.,.,.,.,.,.,9.3,8.6,8.95,55.4,73,64.2,9.3,8.7,94,12,35,1,1994,300,11.00,-1,2,.,3,.,.,.,.,.,.,.,.,0.58,0.15,0.73,.,23,.,.,.,.,.,.,.,.,.,.,.,.,23,.,.,.,.,.,.,25.1,22.7,23.9,-0.06,-0.06,-0.34,0.07,.,0.141435189,.,0.141435189,.,.,.,.,.,.,.,.,.,.,.,.,.,.,.,.,.,9.3,8.6,8.95,55.4,73,64.2,9.3,8.7,92,153,45,1,1994,300,12.00,0,2,.,2,.,.,.,.,.,.,.,.,1.17,0.15,1.32,.,23.2,.,.,.,.,.,.,.,.,.,.,.,.,23.2,.,.,.,.,.,.,24.9,22.3,28,0.43,0.69,0.46,0.09,.,0.13886364,.,0.13886364,.,.,.,.,.,.,.,.,.,.,.,.,.,.,.,.,.,9.3,9.5,9.4,55.4,58.3,56.85,9.3,9.5,9.42,587,45,0,1994,300,12.00,-1,2,.,3,.,.,.,.,.,.,.,.,1.07,0.15,1.22,.,23.2,.,.,.,.,.,.,.,.,.,.,.,.,23.2,.,.,.,.,.,.,24.9,22.4,27.4,0.34,0.53,0.36,0.08,.,0.13886364,.,0.13886364,.,.,.,.,.,.,.,.,.,.,.,.,.,.,.,.,.,9.3,9.5,9.4,55.4,58.3,56.85,9.3,9.5,9.42,740,55,0,1994,300,12.00,0,2,.,2,.,.,.,.,.,.,.,.,0.62,0.15,0.77,.,23.2,.,.,.,.,.,.,.,.,.,.,.,.,23.2,.,.,.,.,.,.,24.9,22.9,24.4,-0.04,-0.04,-0.22,0.06,.,0.13886364,.,0.13886364,.,.,.,.,.,.,.,.,.,.,.,.,.,.,.,.,.,9.3,9.5,9.4,55.4,58.3,56.85,9.3,9.5,9.43,1632,25,1,1994,300,12.00,0,2,.,2,.,.,.,.,.,.,.,.,1.05,0.15,1.2,.,22,.,.,.,.,.,.,.,.,.,.,.,.,22,.,.,.,.,.,.,33.6,21.6,26.5,0.16,0.28,0.16,0.06,.,0.154292933,.,0.154292933,.,.,.,.,.,.,.,.,.,.,.,.,.,.,.,.,.,9.3,9.5,9.4,55.4,58.3,56.85,9.3,9.5,9.41,196,45,0,1994,300,16.00,0,2,.,2,.,.,.,.,.,.,.,.,0.64,0.15,0.79,.,23,.,.,.,.,.,.,.,.,.,.,.,.,23,.,.,.,.,.,.,23.9,22.7,24.4,-0.04,-0.04,-0.25,0.06,.,0.141435189,.,0.141435189,.,.,.,.,.,.,.,.,.,.,.,.,.,.,.,.,.,9.3,9.3,9.3,55.4,55.4,55.4,9.3,9.3,9.32,289,45,1,1994,300,16.00,.,.,.,.,.,.,.,.,.,.,.,.,0.92,0.15,1.07,.,23.2,.,.,.,.,.,.,.,.,.,.,.,.,23.2,.,.,.,.,.,.,24.9,22.6,26.4,0.18,0.28,0.2,0.06,.,0.13886364,.,0.13886364,.,.,.,.,.,.,.,.,.,.,.,.,.,.,.,.,.,9.3,9.3,9.3,55.4,55.4,55.4,9.3,9.3,9.32,741,55,0,1994,300,16.00,0,2,.,2,.,.,.,.,.,.,.,.,0.62,0.15,0.77,.,23.2,.,.,.,.,.,.,.,.,.,.,.,.,23.2,.,.,.,.,.,.,24.9,22.9,24.4,-0.04,-0.04,-0.22,0.06,.,0.13886364,.,0.13886364,.,.,.,.,.,.,.,.,.,.,.,.,.,.,.,.,.,9.3,9.3,9.3,55.4,55.4,55.4,9.3,9.3,9.33,545,45,0,1994,300,16.00,0,2,.,2,.,.,.,.,.,.,.,.,1.06,0.15,1.21,.,20.2,.,.,.,.,.,.,.,.,.,.,.,.,20.2,.,.,.,.,.,.,36.4,20.1,25,-0.02,-0.02,-0.18,0.06,.,0.177436873,.,0.177436873,.,.,.,.,.,.,.,.,.,.,.,.,.,.,.,.,.,9.3,9.3,9.3,55.4,55.4,55.4,9.3,9.3,9.33,1076,35,1,1994,300,16.00,-3,1,.,3,.,.,.,.,.,.,.,.,1.16,0.15,1.31,.,21.3,.,.,.,.,.,.,.,.,.,.,.,.,21.3,.,.,.,.,.,.,37.8,21,26.7,0.18,0.34,0.17,0.06,.,0.163293354,.,0.163293354,.,.,.,.,.,.,.,.,.,.,.,.,.,.,.,.,.,9.3,9.3,9.3,55.4,55.4,55.4,9.3,9.3,9.33,1335,25,1,1994,300,16.00,-1,2,.,2,.,.,.,.,.,.,.,.,0.99,0.15,1.14,.,20.6,.,.,.,.,.,.,.,.,.,.,.,.,20.6,.,.,.,.,.,.,34.1,20.4,24.8,-0.03,-0.03,-0.2,0.06,.,0.172293776,.,0.172293776,.,.,.,.,.,.,.,.,.,.,.,.,.,.,.,.,.,9.3,9.3,9.3,55.4,55.4,55.4,9.3,9.3,9.33,1414,45,0,1994,300,16.00,-1,2,.,3,.,.,.,.,.,.,.,.,1.14,0.15,1.29,.,20.9,.,.,.,.,.,.,.,.,.,.,.,.,20.9,.,.,.,.,.,.,32.5,20.6,26.2,0.07,0.17,0.04,0.05,.,0.168436452,.,0.168436452,.,.,.,.,.,.,.,.,.,.,.,.,.,.,.,.,.,9.3,9.3,9.3,55.4,55.4,55.4,9.3,9.3,9.33,1534,.,.,1994,300,16.00,0,2,.,2,.,.,.,.,.,.,.,.,1.06,0.15,1.21,.,21.6,.,.,.,.,.,.,.,.,.,.,.,.,21.6,.,.,.,.,.,.,34.5,21.3,26.2,0.11,0.21,0.1,0.05,.,0.159436031,.,0.159436031,.,.,.,.,.,.,.,.,.,.,.,.,.,.,.,.,.,9.3,9.3,9.3,55.4,55.4,55.4,9.3,9.3,9.33,1633,25,1,1994,300,16.00,0,2,.,2,.,.,.,.,.,.,.,.,1.05,0.15,1.2,.,21.3,.,.,.,.,.,.,.,.,.,.,.,.,21.3,.,.,.,.,.,.,37.8,21.1,26,0.05,0.13,0.04,0.05,.,0.163293354,.,0.163293354,.,.,.,.,.,.,.,.,.,.,.,.,.,.,.,.,.,9.3,9.3,9.3,55.4,55.4,55.4,9.3,9.3,9.33,1902,.,.,1994,300,16.00,-2,1,.,3,.,.,.,.,.,.,.,.,0.71,0.15,0.86,.,21.3,.,.,.,.,.,.,.,.,.,.,.,.,21.3,.,.,.,.,.,.,37.8,21.2,23.5,-0.08,-0.08,-0.46,0.09,.,0.163293354,.,0.163293354,.,.,.,.,.,.,.,.,.,.,.,.,.,.,.,.,.,9.3,9.3,9.3,55.4,55.4,55.4,9.3,9.3,9.33,91,.,.,1994,300,17.00,-2,1,.,3,.,.,.,.,.,.,.,.,1.06,0.15,1.21,.,20.9,.,.,.,.,.,.,.,.,.,.,.,.,20.9,.,.,.,.,.,.,33.8,20.6,25.6,0,0,-0.05,0.05,.,0.168436452,.,0.168436452,.,.,.,.,.,.,.,.,.,.,.,.,.,.,.,.,.,9.3,8.8,9.05,55.4,59.6,57.5,9.3,8.8,9.053,163,.,.,1994,300,17.00,3,1,.,1,.,.,.,.,.,.,.,.,1.05,0.15,1.2,.,21.6,.,.,.,.,.,.,.,.,.,.,.,.,21.6,.,.,.,.,.,.,34.6,21.3,26.2,0.09,0.19,0.08,0.05,.,0.159436031,.,0.159436031,.,.,.,.,.,.,.,.,.,.,.,.,.,.,.,.,.,9.3,8.8,9.05,55.4,59.6,57.5,9.3,8.8,9.051,18,45,0,1994,301,12.00,2,1,.,1,.,.,.,.,.,.,.,.,1.06,0.15,1.21,.,23.8,.,.,.,.,.,.,.,.,.,.,.,.,23.8,.,.,.,.,.,.,30.8,23.1,27.9,0.44,0.7,0.51,0.1,.,0.131148993,.,0.131148993,.,.,.,.,.,.,.,.,.,.,.,.,.,.,.,.,.,17.3,12.1,14.7,42.9,69.1,56,17.2,12.2,14.72,11,35,1,1994,301,12.00,0,2,.,2,.,.,.,.,.,.,.,.,0.62,0.15,0.77,.,25.2,.,.,.,.,.,.,.,.,.,.,.,.,25.2,.,.,.,.,.,.,28.1,24.6,26.1,0.18,0.24,0.3,0.07,.,0.113148151,.,0.113148151,.,.,.,.,.,.,.,.,.,.,.,.,.,.,.,.,.,17.3,12.1,14.7,42.9,69.1,56,17.2,12.2,14.72,78,25,1,1994,301,12.00,1,2,.,1,.,.,.,.,.,.,.,.,0.44,0.15,0.59,.,25.2,.,.,.,.,.,.,.,.,.,.,.,.,25.2,.,.,.,.,.,.,28.1,24.8,24.9,-0.01,-0.01,0.02,0.05,.,0.113148151,.,0.113148151,.,.,.,.,.,.,.,.,.,.,.,.,.,.,.,.,.,17.3,12.1,14.7,42.9,69.1,56,17.2,12.2,14.72,290,45,1,1994,301,12.00,0,2,.,2,.,.,.,.,.,.,.,.,0.56,0.15,0.71,.,25.2,.,.,.,.,.,.,.,.,.,.,.,.,25.2,.,.,.,.,.,.,28.1,24.7,25.7,0.09,0.14,0.22,0.06,.,0.113148151,.,0.113148151,.,.,.,.,.,.,.,.,.,.,.,.,.,.,.,.,.,17.3,12.1,14.7,42.9,69.1,56,17.2,12.2,14.72,432,55,1,1994,301,12.00,1,2,.,1,.,.,.,.,.,.,.,.,0.74,0.15,0.89,.,25.2,.,.,.,.,.,.,.,.,.,.,.,.,25.2,.,.,.,.,.,.,28.1,24.5,26.9,0.33,0.44,0.46,0.09,.,0.113148151,.,0.113148151,.,.,.,.,.,.,.,.,.,.,.,.,.,.,.,.,.,17.3,12.1,14.7,42.9,69.1,56,17.2,12.2,14.72,545,35,0,1994,301,12.00,3,1,.,1,.,.,.,.,.,.,.,.,1.27,0.15,1.42,.,25.2,.,.,.,.,.,.,.,.,.,.,.,.,25.2,.,.,.,.,.,.,28.1,24,30.1,0.79,1.33,0.92,0.23,.,0.113148151,.,0.113148151,.,.,.,.,.,.,.,.,.,.,.,.,.,.,.,.,.,17.3,12.1,14.7,42.9,69.1,56,17.2,12.2,14.72,671,45,0,1994,301,12.00,1,2,.,1,.,.,.,.,.,.,.,.,0.62,0.15,0.77,.,25.2,.,.,.,.,.,.,.,.,.,.,.,.,25.2,.,.,.,.,.,.,28.1,24.6,26.1,0.18,0.24,0.3,0.07,.,0.113148151,.,0.113148151,.,.,.,.,.,.,.,.,.,.,.,.,.,.,.,.,.,17.3,12.1,14.7,42.9,69.1,56,17.2,12.2,14.72,742,55,0,1994,301,12.00,1,2,.,2,.,.,.,.,.,.,.,.,0.62,0.15,0.77,.,25.2,.,.,.,.,.,.,.,.,.,.,.,.,25.2,.,.,.,.,.,.,28.1,24.6,26.1,0.18,0.24,0.3,0.07,.,0.113148151,.,0.113148151,.,.,.,.,.,.,.,.,.,.,.,.,.,.,.,.,.,17.3,12.1,14.7,42.9,69.1,56,17.2,12.2,14.73,20,35,0,1994,301,12.00,-1,2,.,2,.,.,.,.,.,.,.,.,0.62,0.15,0.77,.,21.6,.,.,.,.,.,.,.,.,.,.,.,.,21.6,.,.,.,.,.,.,36.8,21.5,23.1,-0.1,-0.1,-0.55,0.11,.,0.159436031,.,0.159436031,.,.,.,.,.,.,.,.,.,.,.,.,.,.,.,.,.,17.3,12.1,14.7,42.9,69.1,56,17.2,12.2,14.73,279,45,0,1994,301,12.00,0,2,.,2,.,.,.,.,.,.,.,.,0.62,0.15,0.77,.,22.3,.,.,.,.,.,.,.,.,.,.,.,.,22.3,.,.,.,.,.,.,31.5,22.1,23.7,-0.08,-0.08,-0.41,0.08,.,0.15043561,.,0.15043561,.,.,.,.,.,.,.,.,.,.,.,.,.,.,.,.,.,17.3,12.1,14.7,42.9,69.1,56,17.2,12.2,14.73,317,35,0,1994,301,12.00,2,1,.,1,.,.,.,.,.,.,.,.,0.96,0.15,1.11,.,23.8,.,.,.,.,.,.,.,.,.,.,.,.,23.8,.,.,.,.,.,.,33.6,23.3,27.4,0.35,0.55,0.43,0.09,.,0.131148993,.,0.131148993,.,.,.,.,.,.,.,.,.,.,.,.,.,.,.,.,.,17.3,12.1,14.7,42.9,69.1,56,17.2,12.2,14.73,455,35,0,1994,301,12.00,0,2,.,2,.,.,.,.,.,.,.,.,0.79,0.15,0.94,.,21.6,.,.,.,.,.,.,.,.,.,.,.,.,21.6,.,.,.,.,.,.,36.8,21.5,24.3,-0.04,-0.04,-0.26,0.06,.,0.159436031,.,0.159436031,.,.,.,.,.,.,.,.,.,.,.,.,.,.,.,.,.,17.3,12.1,14.7,42.9,69.1,56,17.2,12.2,14.73,871,35,0,1994,301,12.00,0,2,.,2,.,.,.,.,.,.,.,.,0.91,0.15,1.06,.,21.6,.,.,.,.,.,.,.,.,.,.,.,.,21.6,.,.,.,.,.,.,36.8,21.4,25.2,-0.01,-0.01,-0.08,0.05,.,0.159436031,.,0.159436031,.,.,.,.,.,.,.,.,.,.,.,.,.,.,.,.,.,17.3,12.1,14.7,42.9,69.1,56,17.2,12.2,14.73,936,25,1,1994,301,12.00,1,2,.,2,.,.,.,.,.,.,.,.,0.65,0.15,0.8,.,21.6,.,.,.,.,.,.,.,.,.,.,.,.,21.6,.,.,.,.,.,.,36.8,21.5,23.3,-0.09,-0.09,-0.5,0.1,.,0.159436031,.,0.159436031,.,.,.,.,.,.,.,.,.,.,.,.,.,.,.,.,.,17.3,12.1,14.7,42.9,69.1,56,17.2,12.2,14.73,1011,25,0,1994,301,12.00,1,2,.,2,.,.,.,.,.,.,.,.,0.96,0.15,1.11,.,23.8,.,.,.,.,.,.,.,.,.,.,.,.,23.8,.,.,.,.,.,.,33.6,23.3,27.4,0.35,0.55,0.43,0.09,.,0.131148993,.,0.131148993,.,.,.,.,.,.,.,.,.,.,.,.,.,.,.,.,.,17.3,12.1,14.7,42.9,69.1,56,17.2,12.2,14.73,1266,25,1,1994,301,12.00,-1,2,.,3,.,.,.,.,.,.,.,.,1.49,0.15,1.64,.,20.9,.,.,.,.,.,.,.,.,.,.,.,.,20.9,.,.,.,.,.,.,36.8,20.5,28.5,0.42,0.83,0.4,0.08,.,0.168436452,.,0.168436452,.,.,.,.,.,.,.,.,.,.,.,.,.,.,.,.,.,17.3,12.1,14.7,42.9,69.1,56,17.2,12.2,14.73,1634,25,1,1994,301,12.00,-1,2,.,3,.,.,.,.,.,.,.,.,0.8,0.15,0.95,.,22.3,.,.,.,.,.,.,.,.,.,.,.,.,22.3,.,.,.,.,.,.,31.5,22.1,25,-0.02,-0.02,-0.11,0.05,.,0.15043561,.,0.15043561,.,.,.,.,.,.,.,.,.,.,.,.,.,.,.,.,.,17.3,12.1,14.7,42.9,69.1,56,17.2,12.2,14.73,1903,.,.,1994,301,12.00,1,2,.,2,.,.,.,.,.,.,.,.,0.75,0.15,0.9,.,22.3,.,.,.,.,.,.,.,.,.,.,.,.,22.3,.,.,.,.,.,.,31.5,22.1,24.6,-0.03,-0.03,-0.19,0.06,.,0.15043561,.,0.15043561,.,.,.,.,.,.,.,.,.,.,.,.,.,.,.,.,.,17.3,12.1,14.7,42.9,69.1,56,17.2,12.2,14.71,130,35,0,1994,301,13.00,0,2,.,2,.,.,.,.,.,.,.,.,0.68,0.15,0.83,.,24.1,.,.,.,.,.,.,.,.,.,.,.,.,24.1,.,.,.,.,.,.,29.8,23.7,25.7,0.05,0.1,0.13,0.05,.,0.12729167,.,0.12729167,.,.,.,.,.,.,.,.,.,.,.,.,.,.,.,.,.,17.3,14.3,15.8,42.9,58.3,50.6,17.2,14.3,15.751,341,35,0,1994,301,13.00,2,1,.,1,.,.,.,.,.,.,.,.,0.7,0.15,0.85,.,24.1,.,.,.,.,.,.,.,.,.,.,.,.,24.1,.,.,.,.,.,.,29.8,23.6,25.8,0.08,0.13,0.15,0.05,.,0.12729167,.,0.12729167,.,.,.,.,.,.,.,.,.,.,.,.,.,.,.,.,.,17.3,14.3,15.8,42.9,58.3,50.6,17.2,14.3,15.751,387,45,0,1994,301,13.00,0,2,.,2,.,.,.,.,.,.,.,.,0.66,0.15,0.81,.,24.1,.,.,.,.,.,.,.,.,.,.,.,.,24.1,.,.,.,.,.,.,29.8,23.7,25.5,0.01,0.06,0.1,0.05,.,0.12729167,.,0.12729167,.,.,.,.,.,.,.,.,.,.,.,.,.,.,.,.,.,17.3,14.3,15.8,42.9,58.3,50.6,17.2,14.3,15.751,465,45,0,1994,301,13.00,0,2,.,2,.,.,.,.,.,.,.,.,0.72,0.15,0.87,.,24.1,.,.,.,.,.,.,.,.,.,.,.,.,24.1,.,.,.,.,.,.,29.8,23.6,26,0.11,0.17,0.18,0.06,.,0.12729167,.,0.12729167,.,.,.,.,.,.,.,.,.,.,.,.,.,.,.,.,.,17.3,14.3,15.8,42.9,58.3,50.6,17.2,14.3,15.751,534,35,0,1994,301,13.00,0,2,.,2,.,.,.,.,.,.,.,.,0.49,0.15,0.64,.,24.1,.,.,.,.,.,.,.,.,.,.,.,.,24.1,.,.,.,.,.,.,29.8,23.8,24.4,-0.04,-0.04,-0.19,0.06,.,0.12729167,.,0.12729167,.,.,.,.,.,.,.,.,.,.,.,.,.,.,.,.,.,17.3,14.3,15.8,42.9,58.3,50.6,17.2,14.3,15.752,154,45,1,1994,301,13.00,-1,2,.,2,.,.,.,.,.,.,.,.,1.16,0.15,1.31,.,25.6,.,.,.,.,.,.,.,.,.,.,.,.,25.6,.,.,.,.,.,.,28.5,24.5,29.8,0.77,1.25,0.93,0.23,.,0.108005053,.,0.108005053,.,.,.,.,.,.,.,.,.,.,.,.,.,.,.,.,.,17.3,14.3,15.8,42.9,58.3,50.6,17.2,14.4,15.82,588,45,0,1994,301,13.00,3,1,.,1,.,.,.,.,.,.,.,.,0.8,0.15,0.95,.,25.6,.,.,.,.,.,.,.,.,.,.,.,.,25.6,.,.,.,.,.,.,28.5,24.8,27.7,0.46,0.64,0.62,0.13,.,0.108005053,.,0.108005053,.,.,.,.,.,.,.,.,.,.,.,.,.,.,.,.,.,17.3,14.3,15.8,42.9,58.3,50.6,17.2,14.3,15.753,222,35,0,1994,301,13.00,0,2,.,2,.,.,.,.,.,.,.,.,0.83,0.15,0.98,.,23.4,.,.,.,.,.,.,.,.,.,.,.,.,23.4,.,.,.,.,.,.,30.4,22.9,26.1,0.12,0.2,0.17,0.06,.,0.136292091,.,0.136292091,.,.,.,.,.,.,.,.,.,.,.,.,.,.,.,.,.,17.3,14.3,15.8,42.9,58.3,50.6,17.2,14.3,15.753,1336,25,1,1994,301,13.00,-1,2,.,3,.,.,.,.,.,.,.,.,0.66,0.15,0.81,.,21.3,.,.,.,.,.,.,.,.,.,.,.,.,21.3,.,.,.,.,.,.,36.8,21.2,23.1,-0.1,-0.1,-0.55,0.11,.,0.163293354,.,0.163293354,.,.,.,.,.,.,.,.,.,.,.,.,.,.,.,.,.,17.3,14.3,15.8,42.9,58.3,50.6,17.2,14.3,15.753,1777,25,1,1994,301,13.00,1,2,.,2,.,.,.,.,.,.,.,.,0.92,0.15,1.07,.,21.6,.,.,.,.,.,.,.,.,.,.,.,.,21.6,.,.,.,.,.,.,35.5,21.4,25.3,-0.01,-0.01,-0.07,0.05,.,0.159436031,.,0.159436031,.,.,.,.,.,.,.,.,.,.,.,.,.,.,.,.,.,17.3,14.3,15.8,42.9,58.3,50.6,17.2,14.3,15.753,1982,25,1,1994,301,13.00,2,1,.,1,.,.,.,.,.,.,.,.,0.63,0.15,0.78,.,23.4,.,.,.,.,.,.,.,.,.,.,.,.,23.4,.,.,.,.,.,.,30.4,23.2,24.7,-0.03,-0.03,-0.12,0.05,.,0.136292091,.,0.136292091,.,.,.,.,.,.,.,.,.,.,.,.,.,.,.,.,.,17.3,14.3,15.8,42.9,58.3,50.6,17.2,14.3,15.751,19,45,0,1994,301,17.00,3,1,.,1,.,.,.,.,.,.,.,.,0.72,0.15,0.87,.,24.8,.,.,.,.,.,.,.,.,.,.,.,.,24.8,.,.,.,.,.,.,26.2,24.1,26.4,0.22,0.31,0.32,0.07,.,0.118291249,.,0.118291249,.,.,.,.,.,.,.,.,.,.,.,.,.,.,.,.,.,17.3,16.8,17.05,42.9,44.4,43.65,17.2,16.7,16.952,433,55,1,1994,301,17.00,-1,2,.,3,.,.,.,.,.,.,.,.,0.74,0.15,0.89,.,23.6,.,.,.,.,.,.,.,.,.,.,.,.,23.6,.,.,.,.,.,.,28.7,23.2,25.7,0.03,0.08,0.08,0.05,.,0.133720542,.,0.133720542,.,.,.,.,.,.,.,.,.,.,.,.,.,.,.,.,.,17.3,16.8,17.05,42.9,44.4,43.65,17.2,16.7,16.953,1466,45,1,1994,304,10.00,-3,1,.,3,.,.,.,.,.,.,.,.,0.92,0.15,1.07,.,19.9,.,.,.,.,.,.,.,.,.,.,.,.,19.9,.,.,.,.,.,.,37.2,19.8,23.7,-0.07,-0.07,-0.43,0.09,.,0.181294197,.,0.181294197,.,.,.,.,.,.,.,.,.,.,.,.,.,.,.,.,.,11,7.4,9.2,65.7,73.7,69.7,11.1,7.5,9.33,1467,45,1,1994,304,10.00,-3,1,.,3,.,.,.,.,.,.,.,.,0.92,0.15,1.07,.,19.9,.,.,.,.,.,.,.,.,.,.,.,.,19.9,.,.,.,.,.,.,37.2,19.8,23.7,-0.07,-0.07,-0.43,0.09,.,0.181294197,.,0.181294197,.,.,.,.,.,.,.,.,.,.,.,.,.,.,.,.,.,11,7.4,9.2,65.7,73.7,69.7,11.1,7.5,9.31,85,45,0,1994,304,13.00,2,1,.,1,.,.,.,.,.,.,.,.,0.62,0.15,0.77,.,23,.,.,.,.,.,.,.,.,.,.,.,.,23,.,.,.,.,.,.,28.1,22.7,24.3,-0.05,-0.05,-0.26,0.06,.,0.141435189,.,0.141435189,.,.,.,.,.,.,.,.,.,.,.,.,.,.,.,.,.,11,9.9,10.45,65.7,69.7,67.7,11.1,10,10.551,131,35,0,1994,304,13.00,0,2,.,2,.,.,.,.,.,.,.,.,0.96,0.15,1.11,.,23,.,.,.,.,.,.,.,.,.,.,.,.,23,.,.,.,.,.,.,28.1,22.4,26.6,0.2,0.32,0.22,0.06,.,0.141435189,.,0.141435189,.,.,.,.,.,.,.,.,.,.,.,.,.,.,.,.,.,11,9.9,10.45,65.7,69.7,67.7,11.1,10,10.551,266,45,1,1994,304,13.00,0,2,.,2,.,.,.,.,.,.,.,.,0.61,0.15,0.76,.,23,.,.,.,.,.,.,.,.,.,.,.,.,23,.,.,.,.,.,.,28.1,22.7,24.2,-0.05,-0.05,-0.27,0.07,.,0.141435189,.,0.141435189,.,.,.,.,.,.,.,.,.,.,.,.,.,.,.,.,.,11,9.9,10.45,65.7,69.7,67.7,11.1,10,10.551,388,45,0,1994,304,13.00,0,2,.,2,.,.,.,.,.,.,.,.,0.66,0.15,0.81,.,23,.,.,.,.,.,.,.,.,.,.,.,.,23,.,.,.,.,.,.,28.1,22.7,24.6,-0.03,-0.03,-0.19,0.06,.,0.141435189,.,0.141435189,.,.,.,.,.,.,.,.,.,.,.,.,.,.,.,.,.,11,9.9,10.45,65.7,69.7,67.7,11.1,10,10.551,535,35,0,1994,304,13.00,1,2,.,1,.,.,.,.,.,.,.,.,0.49,0.15,0.64,.,23,.,.,.,.,.,.,.,.,.,.,.,.,23,.,.,.,.,.,.,28.1,22.7,23.3,-0.1,-0.1,-0.5,0.1,.,0.141435189,.,0.141435189,.,.,.,.,.,.,.,.,.,.,.,.,.,.,.,.,.,11,9.9,10.45,65.7,69.7,67.7,11.1,10,10.551,601,35,0,1994,304,13.00,1,2,.,1,.,.,.,.,.,.,.,.,0.59,0.15,0.74,.,23,.,.,.,.,.,.,.,.,.,.,.,.,23,.,.,.,.,.,.,28.1,22.7,24,-0.06,-0.06,-0.31,0.07,.,0.141435189,.,0.141435189,.,.,.,.,.,.,.,.,.,.,.,.,.,.,.,.,.,11,9.9,10.45,65.7,69.7,67.7,11.1,10,10.552,495,45,1,1994,304,13.00,0,2,.,2,.,.,.,.,.,.,.,.,0.55,0.15,0.7,.,23.2,.,.,.,.,.,.,.,.,.,.,.,.,23.2,.,.,.,.,.,.,27.4,22.9,23.9,-0.06,-0.06,-0.34,0.07,.,0.13886364,.,0.13886364,.,.,.,.,.,.,.,.,.,.,.,.,.,.,.,.,.,11,9.9,10.45,65.7,69.7,67.7,11.1,10,10.553,318,35,0,1994,304,13.00,-1,2,.,3,.,.,.,.,.,.,.,.,0.62,0.15,0.77,.,21.3,.,.,.,.,.,.,.,.,.,.,.,.,21.3,.,.,.,.,.,.,32.3,21.1,22.7,-0.12,-0.12,-0.66,0.14,.,0.163293354,.,0.163293354,.,.,.,.,.,.,.,.,.,.,.,.,.,.,.,.,.,11,9.9,10.45,65.7,69.7,67.7,11.1,10,10.553,1468,45,1,1994,304,13.00,-2,1,.,3,.,.,.,.,.,.,.,.,0.92,0.15,1.07,.,20.6,.,.,.,.,.,.,.,.,.,.,.,.,20.6,.,.,.,.,.,.,35.7,20.5,24.4,-0.04,-0.04,-0.29,0.07,.,0.172293776,.,0.172293776,.,.,.,.,.,.,.,.,.,.,.,.,.,.,.,.,.,11,9.9,10.45,65.7,69.7,67.7,11.1,10,10.553,1725,45,1,1994,304,13.00,0,2,.,2,.,.,.,.,.,.,.,.,0.63,0.15,0.78,.,22,.,.,.,.,.,.,.,.,.,.,.,.,22,.,.,.,.,.,.,35.2,21.8,23.5,-0.08,-0.08,-0.45,0.09,.,0.154292933,.,0.154292933,.,.,.,.,.,.,.,.,.,.,.,.,.,.,.,.,.,11,9.9,10.45,65.7,69.7,67.7,11.1,10,10.553,1838,65,0,1994,304,13.00,0,2,.,3,.,.,.,.,.,.,.,.,0.98,0.15,1.13,.,20.6,.,.,.,.,.,.,.,.,.,.,.,.,20.6,.,.,.,.,.,.,35.7,20.5,24.8,-0.03,-0.03,-0.2,0.06,.,0.172293776,.,0.172293776,.,.,.,.,.,.,.,.,.,.,.,.,.,.,.,.,.,11,9.9,10.45,65.7,69.7,67.7,11.1,10,10.553,1983,25,1,1994,304,13.00,0,2,.,2,.,.,.,.,.,.,.,.,0.63,0.15,0.78,.,21.3,.,.,.,.,.,.,.,.,.,.,.,.,21.3,.,.,.,.,.,.,32.3,21.1,22.8,-0.12,-0.12,-0.64,0.13,.,0.163293354,.,0.163293354,.,.,.,.,.,.,.,.,.,.,.,.,.,.,.,.,.,11,9.9,10.45,65.7,69.7,67.7,11.1,10,10.554,13,35,1,1994,304,13.00,1,2,.,1,.,.,.,.,.,.,.,.,0.71,0.15,0.86,.,23,.,.,.,.,.,.,.,.,.,.,.,.,23,.,.,.,.,.,.,27.2,22.7,24.9,-0.02,-0.02,-0.11,0.05,.,0.141435189,.,0.141435189,.,.,.,.,.,.,.,.,.,.,.,.,.,.,.,.,.,11,9.9,10.45,65.7,69.7,67.7,11.1,10,10.551,342,35,0,1994,304,14.00,2,1,.,1,.,.,.,.,.,.,.,.,0.7,0.15,0.85,.,23.4,.,.,.,.,.,.,.,.,.,.,.,.,23.4,.,.,.,.,.,.,28.7,23,25.2,-0.01,-0.01,-0.02,0.05,.,0.136292091,.,0.136292091,.,.,.,.,.,.,.,.,.,.,.,.,.,.,.,.,.,11,11,11,65.7,65.7,65.7,11.1,11.1,11.12,79,25,1,1994,304,14.00,0,2,.,2,.,.,.,.,.,.,.,.,0.63,0.15,0.78,.,23.2,.,.,.,.,.,.,.,.,.,.,.,.,23.2,.,.,.,.,.,.,27.7,22.9,24.5,-0.04,-0.04,-0.19,0.06,.,0.13886364,.,0.13886364,.,.,.,.,.,.,.,.,.,.,.,.,.,.,.,.,.,11,11,11,65.7,65.7,65.7,11.1,11.1,11.12,672,45,0,1994,304,14.00,-1,2,.,2,.,.,.,.,.,.,.,.,0.64,0.15,0.79,.,23.2,.,.,.,.,.,.,.,.,.,.,.,.,23.2,.,.,.,.,.,.,27.7,22.9,24.6,-0.03,-0.03,-0.17,0.06,.,0.13886364,.,0.13886364,.,.,.,.,.,.,.,.,.,.,.,.,.,.,.,.,.,11,11,11,65.7,65.7,65.7,11.1,11.1,11.13,21,35,0,1994,304,14.00,-1,2,.,3,.,.,.,.,.,.,.,.,0.62,0.15,0.77,.,22,.,.,.,.,.,.,.,.,.,.,.,.,22,.,.,.,.,.,.,34.2,21.8,23.4,-0.09,-0.09,-0.47,0.1,.,0.154292933,.,0.154292933,.,.,.,.,.,.,.,.,.,.,.,.,.,.,.,.,.,11,11,11,65.7,65.7,65.7,11.1,11.1,11.13,659,35,0,1994,304,14.00,-1,2,.,2,.,.,.,.,.,.,.,.,0.62,0.15,0.77,.,21.6,.,.,.,.,.,.,.,.,.,.,.,.,21.6,.,.,.,.,.,.,37.1,21.5,23.1,-0.1,-0.1,-0.55,0.11,.,0.159436031,.,0.159436031,.,.,.,.,.,.,.,.,.,.,.,.,.,.,.,.,.,11,11,11,65.7,65.7,65.7,11.1,11.1,11.13,1013,25,0,1994,304,14.00,1,2,.,1,.,.,.,.,.,.,.,.,0.83,0.15,0.98,.,21.3,.,.,.,.,.,.,.,.,.,.,.,.,21.3,.,.,.,.,.,.,32.3,21.1,24.3,-0.05,-0.05,-0.29,0.07,.,0.163293354,.,0.163293354,.,.,.,.,.,.,.,.,.,.,.,.,.,.,.,.,.,11,11,11,65.7,65.7,65.7,11.1,11.1,11.13,1077,35,1,1994,304,14.00,0,2,.,2,.,.,.,.,.,.,.,.,1.07,0.15,1.22,.,22,.,.,.,.,.,.,.,.,.,.,.,.,22,.,.,.,.,.,.,35.7,21.6,26.7,0.19,0.34,0.19,0.06,.,0.154292933,.,0.154292933,.,.,.,.,.,.,.,.,.,.,.,.,.,.,.,.,.,11,11,11,65.7,65.7,65.7,11.1,11.1,11.13,1778,25,1,1994,304,14.00,-1,2,.,3,.,.,.,.,.,.,.,.,0.85,0.15,1,.,20.9,.,.,.,.,.,.,.,.,.,.,.,.,20.9,.,.,.,.,.,.,36.5,20.8,24.1,-0.05,-0.05,-0.32,0.07,.,0.168436452,.,0.168436452,.,.,.,.,.,.,.,.,.,.,.,.,.,.,.,.,.,11,11,11,65.7,65.7,65.7,11.1,11.1,11.13,796,25,1,1994,304,17.00,0,2,.,2,.,.,.,.,.,.,.,.,0.92,0.15,1.07,.,22,.,.,.,.,.,.,.,.,.,.,.,.,22,.,.,.,.,.,.,32.1,21.7,25.6,0,0,-0.01,0.05,.,0.154292933,.,0.154292933,.,.,.,.,.,.,.,.,.,.,.,.,.,.,.,.,.,11,13,12,65.7,47.4,56.55,11.1,13,12.053,1206,35,0,1994,304,17.00,-1,2,.,2,.,.,.,.,.,.,.,.,0.64,0.15,0.79,.,20.6,.,.,.,.,.,.,.,.,.,.,.,.,20.6,.,.,.,.,.,.,35.2,20.4,22.2,-0.15,-0.15,-0.77,0.18,.,0.172293776,.,0.172293776,.,.,.,.,.,.,.,.,.,.,.,.,.,.,.,.,.,11,13,12,65.7,47.4,56.55,11.1,13,12.053,1417,45,0,1994,304,17.00,0,2,.,2,.,.,.,.,.,.,.,.,0.96,0.15,1.11,.,22,.,.,.,.,.,.,.,.,.,.,.,.,22,.,.,.,.,.,.,32.1,21.6,25.8,0.04,0.1,0.04,0.05,.,0.154292933,.,0.154292933,.,.,.,.,.,.,.,.,.,.,.,.,.,.,.,.,.,11,13,12,65.7,47.4,56.55,11.1,13,12.051,536,35,0,1994,305,12.00,1,2,.,1,.,.,.,.,.,.,.,.,0.62,0.15,0.77,.,23,.,.,.,.,.,.,.,.,.,.,.,.,23,.,.,.,.,.,.,35.1,22.8,24.4,-0.04,-0.04,-0.21,0.06,.,0.141435189,.,0.141435189,.,.,.,.,.,.,.,.,.,.,.,.,.,.,.,.,.,8.3,8,8.15,99.2,98.9,99.05,8.5,8.2,8.351,602,35,0,1994,305,12.00,0,2,.,2,.,.,.,.,.,.,.,.,0.66,0.15,0.81,.,23,.,.,.,.,.,.,.,.,.,.,.,.,23,.,.,.,.,.,.,35.1,22.8,24.7,-0.03,-0.03,-0.14,0.05,.,0.141435189,.,0.141435189,.,.,.,.,.,.,.,.,.,.,.,.,.,.,.,.,.,8.3,8,8.15,99.2,98.9,99.05,8.5,8.2,8.352,80,25,1,1994,305,12.00,0,2,.,2,.,.,.,.,.,.,.,.,0.41,0.15,0.56,.,23.6,.,.,.,.,.,.,.,.,.,.,.,.,23.6,.,.,.,.,.,.,32.3,23.4,23.2,-0.09,-0.09,-0.48,0.1,.,0.133720542,.,0.133720542,.,.,.,.,.,.,.,.,.,.,.,.,.,.,.,.,.,8.3,8,8.15,99.2,98.9,99.05,8.5,8.2,8.352,292,45,1,1994,305,12.00,-1,2,.,3,.,.,.,.,.,.,.,.,0.58,0.15,0.73,.,23.6,.,.,.,.,.,.,.,.,.,.,.,.,23.6,.,.,.,.,.,.,32.3,23.4,24.6,-0.03,-0.03,-0.14,0.05,.,0.133720542,.,0.133720542,.,.,.,.,.,.,.,.,.,.,.,.,.,.,.,.,.,8.3,8,8.15,99.2,98.9,99.05,8.5,8.2,8.352,363,35,1,1994,305,12.00,-1,2,.,3,.,.,.,.,.,.,.,.,0.78,0.15,0.93,.,23.6,.,.,.,.,.,.,.,.,.,.,.,.,23.6,.,.,.,.,.,.,32.3,23.2,26,0.1,0.17,0.16,0.06,.,0.133720542,.,0.133720542,.,.,.,.,.,.,.,.,.,.,.,.,.,.,.,.,.,8.3,8,8.15,99.2,98.9,99.05,8.5,8.2,8.352,743,55,0,1994,305,12.00,0,2,.,2,.,.,.,.,.,.,.,.,0.62,0.15,0.77,.,23.6,.,.,.,.,.,.,.,.,.,.,.,.,23.6,.,.,.,.,.,.,32.3,23.4,24.9,-0.02,-0.02,-0.08,0.05,.,0.133720542,.,0.133720542,.,.,.,.,.,.,.,.,.,.,.,.,.,.,.,.,.,8.3,8,8.15,99.2,98.9,99.05,8.5,8.2,8.353,22,35,0,1994,305,12.00,-3,1,.,3,.,.,.,.,.,.,.,.,0.62,0.15,0.77,.,20.6,.,.,.,.,.,.,.,.,.,.,.,.,20.6,.,.,.,.,.,.,38.3,20.5,22.1,-0.16,-0.16,-0.8,0.18,.,0.172293776,.,0.172293776,.,.,.,.,.,.,.,.,.,.,.,.,.,.,.,.,.,8.3,8,8.15,99.2,98.9,99.05,8.5,8.2,8.353,319,35,0,1994,305,12.00,-3,1,.,3,.,.,.,.,.,.,.,.,0.62,0.15,0.77,.,20.2,.,.,.,.,.,.,.,.,.,.,.,.,20.2,.,.,.,.,.,.,38.6,20.1,21.7,-0.18,-0.18,-0.89,0.22,.,0.177436873,.,0.177436873,.,.,.,.,.,.,.,.,.,.,.,.,.,.,.,.,.,8.3,8,8.15,99.2,98.9,99.05,8.5,8.2,8.353,457,35,0,1994,305,12.00,-2,1,.,3,.,.,.,.,.,.,.,.,1.06,0.15,1.21,.,20.6,.,.,.,.,.,.,.,.,.,.,.,.,20.6,.,.,.,.,.,.,38.3,20.4,25.4,-0.01,-0.01,-0.09,0.05,.,0.172293776,.,0.172293776,.,.,.,.,.,.,.,.,.,.,.,.,.,.,.,.,.,8.3,8,8.15,99.2,98.9,99.05,8.5,8.2,8.353,660,35,0,1994,305,12.00,-3,1,.,3,.,.,.,.,.,.,.,.,0.96,0.15,1.11,.,20.6,.,.,.,.,.,.,.,.,.,.,.,.,20.6,.,.,.,.,.,.,39.6,20.5,24.7,-0.03,-0.03,-0.21,0.06,.,0.172293776,.,0.172293776,.,.,.,.,.,.,.,.,.,.,.,.,.,.,.,.,.,8.3,8,8.15,99.2,98.9,99.05,8.5,8.2,8.353,939,25,1,1994,305,12.00,0,2,.,2,.,.,.,.,.,.,.,.,0.5,0.15,0.65,.,20.6,.,.,.,.,.,.,.,.,.,.,.,.,20.6,.,.,.,.,.,.,38.3,20.5,21.1,-0.22,-0.22,-1.07,0.29,.,0.172293776,.,0.172293776,.,.,.,.,.,.,.,.,.,.,.,.,.,.,.,.,.,8.3,8,8.15,99.2,98.9,99.05,8.5,8.2,8.353,1207,35,0,1994,305,12.00,-1,2,.,3,.,.,.,.,.,.,.,.,1.32,0.15,1.47,.,19.5,.,.,.,.,.,.,.,.,.,.,.,.,19.5,.,.,.,.,.,.,39.8,19.3,26.3,0.08,0.19,0.02,0.05,.,0.186437294,.,0.186437294,.,.,.,.,.,.,.,.,.,.,.,.,.,.,.,.,.,8.3,8,8.15,99.2,98.9,99.05,8.5,8.2,8.353,1267,25,1,1994,305,12.00,-3,1,.,3,.,.,.,.,.,.,.,.,0.9,0.15,1.05,.,19.5,.,.,.,.,.,.,.,.,.,.,.,.,19.5,.,.,.,.,.,.,39.8,19.4,23.3,-0.09,-0.09,-0.53,0.11,.,0.186437294,.,0.186437294,.,.,.,.,.,.,.,.,.,.,.,.,.,.,.,.,.,8.3,8,8.15,99.2,98.9,99.05,8.5,8.2,8.353,1338,25,1,1994,305,12.00,-1,2,.,3,.,.,.,.,.,.,.,.,1.02,0.15,1.17,.,19.5,.,.,.,.,.,.,.,.,.,.,.,.,19.5,.,.,.,.,.,.,39.8,19.4,24.1,-0.06,-0.06,-0.35,0.08,.,0.186437294,.,0.186437294,.,.,.,.,.,.,.,.,.,.,.,.,.,.,.,.,.,8.3,8,8.15,99.2,98.9,99.05,8.5,8.2,8.353,1726,45,1,1994,305,12.00,-1,2,.,2,.,.,.,.,.,.,.,.,0.63,0.15,0.78,.,20.9,.,.,.,.,.,.,.,.,.,.,.,.,20.9,.,.,.,.,.,.,37.2,20.8,22.5,-0.13,-0.13,-0.71,0.16,.,0.168436452,.,0.168436452,.,.,.,.,.,.,.,.,.,.,.,.,.,.,.,.,.,8.3,8,8.15,99.2,98.9,99.05,8.5,8.2,8.354,14,35,1,1994,305,12.00,0,2,.,2,.,.,.,.,.,.,.,.,0.63,0.15,0.78,.,23.4,.,.,.,.,.,.,.,.,.,.,.,.,23.4,.,.,.,.,.,.,33.4,23.2,24.8,-0.02,-0.02,-0.11,0.05,.,0.136292091,.,0.136292091,.,.,.,.,.,.,.,.,.,.,.,.,.,.,.,.,.,8.3,8,8.15,99.2,98.9,99.05,8.5,8.2,8.351,389,45,0,1994,305,13.00,0,2,.,2,.,.,.,.,.,.,.,.,0.66,0.15,0.81,.,23,.,.,.,.,.,.,.,.,.,.,.,.,23,.,.,.,.,.,.,34,22.8,24.6,-0.03,-0.03,-0.15,0.05,.,0.141435189,.,0.141435189,.,.,.,.,.,.,.,.,.,.,.,.,.,.,.,.,.,8.3,8.3,8.3,99.2,99.2,99.2,8.5,8.5,8.52,434,55,1,1994,305,13.00,-1,2,.,2,.,.,.,.,.,.,.,.,0.58,0.15,0.73,.,23.6,.,.,.,.,.,.,.,.,.,.,.,.,23.6,.,.,.,.,.,.,32.7,23.4,24.6,-0.03,-0.03,-0.14,0.05,.,0.133720542,.,0.133720542,.,.,.,.,.,.,.,.,.,.,.,.,.,.,.,.,.,8.3,8.3,8.3,99.2,99.2,99.2,8.5,8.5,8.52,590,45,0,1994,305,13.00,2,1,.,1,.,.,.,.,.,.,.,.,0.8,0.15,0.95,.,23.6,.,.,.,.,.,.,.,.,.,.,.,.,23.6,.,.,.,.,.,.,32.7,23.2,26.1,0.13,0.21,0.19,0.06,.,0.133720542,.,0.133720542,.,.,.,.,.,.,.,.,.,.,.,.,.,.,.,.,.,8.3,8.3,8.3,99.2,99.2,99.2,8.5,8.5,8.52,673,45,0,1994,305,13.00,-1,2,.,2,.,.,.,.,.,.,.,.,0.64,0.15,0.79,.,23.6,.,.,.,.,.,.,.,.,.,.,.,.,23.6,.,.,.,.,.,.,32.7,23.3,25,-0.01,-0.01,-0.04,0.05,.,0.133720542,.,0.133720542,.,.,.,.,.,.,.,.,.,.,.,.,.,.,.,.,.,8.3,8.3,8.3,99.2,99.2,99.2,8.5,8.5,8.53,1469,45,1,1994,305,13.00,-3,1,.,3,.,.,.,.,.,.,.,.,0.58,0.15,0.73,.,19.5,.,.,.,.,.,.,.,.,.,.,.,.,19.5,.,.,.,.,.,.,40.3,19.4,20.7,-0.24,-0.24,-1.16,0.33,.,0.186437294,.,0.186437294,.,.,.,.,.,.,.,.,.,.,.,.,.,.,.,.,.,8.3,8.3,8.3,99.2,99.2,99.2,8.5,8.5,8.53,1779,25,1,1994,305,13.00,-3,1,.,3,.,.,.,.,.,.,.,.,0.92,0.15,1.07,.,19.9,.,.,.,.,.,.,.,.,.,.,.,.,19.9,.,.,.,.,.,.,40.7,19.8,23.8,-0.07,-0.07,-0.41,0.09,.,0.181294197,.,0.181294197,.,.,.,.,.,.,.,.,.,.,.,.,.,.,.,.,.,8.3,8.3,8.3,99.2,99.2,99.2,8.5,8.5,8.53,1164,45,1,1994,305,18.00,-2,1,.,3,.,.,.,.,.,.,.,.,1.11,0.15,1.26,.,19.9,.,.,.,.,.,.,.,.,.,.,.,.,19.9,.,.,.,.,.,.,42.5,19.8,25.2,-0.01,-0.01,-0.14,0.05,.,0.181294197,.,0.181294197,.,.,.,.,.,.,.,.,.,.,.,.,.,.,.,.,.,8.3,8.9,8.6,99.2,100.2,99.7,8.5,9.1,8.81,268,45,1,1994,306,10.00,0,2,.,2,.,.,.,.,.,.,.,.,0.95,0.15,1.1,.,22.3,.,.,.,.,.,.,.,.,.,.,.,.,22.3,.,.,.,.,.,.,30.7,21.9,26,0.08,0.15,0.08,0.05,.,0.15043561,.,0.15043561,.,.,.,.,.,.,.,.,.,.,.,.,.,.,.,.,.,8.3,5.8,7.05,66.9,83.4,75.15,8.4,5.9,7.151,467,45,0,1994,306,10.00,0,2,.,2,.,.,.,.,.,.,.,.,0.72,0.15,0.87,.,22.3,.,.,.,.,.,.,.,.,.,.,.,.,22.3,.,.,.,.,.,.,30.7,22.1,24.4,-0.04,-0.04,-0.24,0.06,.,0.15043561,.,0.15043561,.,.,.,.,.,.,.,.,.,.,.,.,.,.,.,.,.,8.3,5.8,7.05,66.9,83.4,75.15,8.4,5.9,7.152,81,25,1,1994,306,10.00,0,2,.,2,.,.,.,.,.,.,.,.,0.42,0.15,0.57,.,23.2,.,.,.,.,.,.,.,.,.,.,.,.,23.2,.,.,.,.,.,.,28.5,22.9,22.9,-0.11,-0.11,-0.6,0.12,.,0.13886364,.,0.13886364,.,.,.,.,.,.,.,.,.,.,.,.,.,.,.,.,.,8.3,5.8,7.05,66.9,83.4,75.15,8.3,5.9,7.12,547,35,0,1994,306,10.00,-2,1,.,3,.,.,.,.,.,.,.,.,1.06,0.15,1.21,.,23.2,.,.,.,.,.,.,.,.,.,.,.,.,23.2,.,.,.,.,.,.,28.5,22.5,27.4,0.34,0.54,0.37,0.08,.,0.13886364,.,0.13886364,.,.,.,.,.,.,.,.,.,.,.,.,.,.,.,.,.,8.3,5.8,7.05,66.9,83.4,75.15,8.4,5.9,7.152,591,45,0,1994,306,10.00,0,2,.,2,.,.,.,.,.,.,.,.,1.14,0.15,1.29,.,23.2,.,.,.,.,.,.,.,.,.,.,.,.,23.2,.,.,.,.,.,.,28.5,22.4,27.9,0.41,0.67,0.45,0.09,.,0.13886364,.,0.13886364,.,.,.,.,.,.,.,.,.,.,.,.,.,.,.,.,.,8.3,5.8,7.05,66.9,83.4,75.15,8.4,5.9,7.152,674,45,0,1994,306,10.00,0,2,.,2,.,.,.,.,.,.,.,.,0.62,0.15,0.77,.,23.2,.,.,.,.,.,.,.,.,.,.,.,.,23.2,.,.,.,.,.,.,28.5,22.9,24.5,-0.04,-0.04,-0.2,0.06,.,0.13886364,.,0.13886364,.,.,.,.,.,.,.,.,.,.,.,.,.,.,.,.,.,8.3,5.8,7.05,66.9,83.4,75.15,8.3,5.9,7.13,23,35,0,1994,306,10.00,-1,2,.,3,.,.,.,.,.,.,.,.,0.62,0.15,0.77,.,19.9,.,.,.,.,.,.,.,.,.,.,.,.,19.9,.,.,.,.,.,.,37.2,19.8,21.4,-0.2,-0.2,-0.98,0.25,.,0.181294197,.,0.181294197,.,.,.,.,.,.,.,.,.,.,.,.,.,.,.,.,.,8.3,5.8,7.05,66.9,83.4,75.15,8.3,5.9,7.13,320,35,0,1994,306,10.00,0,2,.,2,.,.,.,.,.,.,.,.,0.96,0.15,1.11,.,20.6,.,.,.,.,.,.,.,.,.,.,.,.,20.6,.,.,.,.,.,.,35.4,20.5,24.6,-0.03,-0.03,-0.24,0.06,.,0.172293776,.,0.172293776,.,.,.,.,.,.,.,.,.,.,.,.,.,.,.,.,.,8.3,5.8,7.05,66.9,83.4,75.15,8.4,5.9,7.153,661,35,0,1994,306,10.00,-2,1,.,3,.,.,.,.,.,.,.,.,0.62,0.15,0.77,.,20.2,.,.,.,.,.,.,.,.,.,.,.,.,20.2,.,.,.,.,.,.,39,20.1,21.7,-0.18,-0.18,-0.89,0.22,.,0.177436873,.,0.177436873,.,.,.,.,.,.,.,.,.,.,.,.,.,.,.,.,.,8.3,5.8,7.05,66.9,83.4,75.15,8.3,5.9,7.13,1014,25,0,1994,306,10.00,-2,1,.,3,.,.,.,.,.,.,.,.,0.7,0.15,0.85,.,20.6,.,.,.,.,.,.,.,.,.,.,.,.,20.6,.,.,.,.,.,.,35.4,20.4,22.7,-0.12,-0.12,-0.66,0.14,.,0.172293776,.,0.172293776,.,.,.,.,.,.,.,.,.,.,.,.,.,.,.,.,.,8.3,5.8,7.05,66.9,83.4,75.15,8.4,5.9,7.153,1078,35,1,1994,306,10.00,0,2,.,2,.,.,.,.,.,.,.,.,1.05,0.15,1.2,.,21.3,.,.,.,.,.,.,.,.,.,.,.,.,21.3,.,.,.,.,.,.,32.4,21,25.9,0.03,0.09,0.01,0.05,.,0.163293354,.,0.163293354,.,.,.,.,.,.,.,.,.,.,.,.,.,.,.,.,.,8.3,5.8,7.05,66.9,83.4,75.15,8.4,5.9,7.153,1268,25,1,1994,306,10.00,-2,1,.,3,.,.,.,.,.,.,.,.,1,0.15,1.15,.,19.2,.,.,.,.,.,.,.,.,.,.,.,.,19.2,.,.,.,.,.,.,40.3,19.1,23.7,-0.07,-0.07,-0.44,0.09,.,0.190294618,.,0.190294618,.,.,.,.,.,.,.,.,.,.,.,.,.,.,.,.,.,8.3,5.8,7.05,66.9,83.4,75.15,8.4,5.9,7.153,1419,45,0,1994,306,10.00,-2,1,.,3,.,.,.,.,.,.,.,.,1.06,0.15,1.21,.,19.9,.,.,.,.,.,.,.,.,.,.,.,.,19.9,.,.,.,.,.,.,37.2,19.8,24.7,-0.03,-0.03,-0.23,0.06,.,0.181294197,.,0.181294197,.,.,.,.,.,.,.,.,.,.,.,.,.,.,.,.,.,8.3,5.8,7.05,66.9,83.4,75.15,8.4,5.9,7.153,1637,25,1,1994,306,10.00,-2,1,.,3,.,.,.,.,.,.,.,.,0.97,0.15,1.12,.,21.3,.,.,.,.,.,.,.,.,.,.,.,.,21.3,.,.,.,.,.,.,32.4,21,25.3,-0.01,-0.01,-0.09,0.05,.,0.163293354,.,0.163293354,.,.,.,.,.,.,.,.,.,.,.,.,.,.,.,.,.,8.3,5.8,7.05,66.9,83.4,75.15,8.4,5.9,7.153,1727,45,1,1994,306,10.00,-1,2,.,2,.,.,.,.,.,.,.,.,0.5,0.15,0.65,.,21.3,.,.,.,.,.,.,.,.,.,.,.,.,21.3,.,.,.,.,.,.,32.4,21.1,21.7,-0.18,-0.18,-0.92,0.23,.,0.163293354,.,0.163293354,.,.,.,.,.,.,.,.,.,.,.,.,.,.,.,.,.,8.3,5.8,7.05,66.9,83.4,75.15,8.3,5.9,7.13,1780,25,1,1994,306,10.00,-2,1,.,3,.,.,.,.,.,.,.,.,0.83,0.15,0.98,.,20.6,.,.,.,.,.,.,.,.,.,.,.,.,20.6,.,.,.,.,.,.,36,20.5,23.7,-0.07,-0.07,-0.43,0.09,.,0.172293776,.,0.172293776,.,.,.,.,.,.,.,.,.,.,.,.,.,.,.,.,.,8.3,5.8,7.05,66.9,83.4,75.15,8.4,5.9,7.153,1984,25,1,1994,306,10.00,-2,1,.,3,.,.,.,.,.,.,.,.,0.42,0.15,0.57,.,20.6,.,.,.,.,.,.,.,.,.,.,.,.,20.6,.,.,.,.,.,.,35.4,20.4,20.4,-0.27,-0.27,-1.3,0.4,.,0.172293776,.,0.172293776,.,.,.,.,.,.,.,.,.,.,.,.,.,.,.,.,.,8.3,5.8,7.05,66.9,83.4,75.15,8.3,5.9,7.14,15,35,1,1994,306,10.00,0,2,.,2,.,.,.,.,.,.,.,.,0.97,0.15,1.12,.,23,.,.,.,.,.,.,.,.,.,.,.,.,23,.,.,.,.,.,.,27.7,22.4,26.7,0.21,0.34,0.24,0.06,.,0.141435189,.,0.141435189,.,.,.,.,.,.,.,.,.,.,.,.,.,.,.,.,.,8.3,5.8,7.05,66.9,83.4,75.15,8.4,5.9,7.151,133,35,0,1994,306,11.00,0,2,.,2,.,.,.,.,.,.,.,.,0.96,0.15,1.11,.,22.3,.,.,.,.,.,.,.,.,.,.,.,.,22.3,.,.,.,.,.,.,29.6,21.9,26.1,0.09,0.17,0.09,0.05,.,0.15043561,.,0.15043561,.,.,.,.,.,.,.,.,.,.,.,.,.,.,.,.,.,8.3,6.6,7.45,66.9,78.8,72.85,8.4,6.7,7.552,157,45,1,1994,306,11.00,0,2,.,2,.,.,.,.,.,.,.,.,1.16,0.15,1.31,.,23.2,.,.,.,.,.,.,.,.,.,.,.,.,23.2,.,.,.,.,.,.,28.2,22.4,28,0.43,0.7,0.47,0.1,.,0.13886364,.,0.13886364,.,.,.,.,.,.,.,.,.,.,.,.,.,.,.,.,.,8.3,6.6,7.45,66.9,78.8,72.85,8.4,6.7,7.552,364,35,1,1994,306,11.00,0,2,.,2,.,.,.,.,.,.,.,.,0.75,0.15,0.9,.,23.2,.,.,.,.,.,.,.,.,.,.,.,.,23.2,.,.,.,.,.,.,28.2,22.8,25.4,0,0,0,0.05,.,0.13886364,.,0.13886364,.,.,.,.,.,.,.,.,.,.,.,.,.,.,.,.,.,8.3,6.6,7.45,66.9,78.8,72.85,8.4,6.7,7.552,497,45,1,1994,306,11.00,-1,2,.,2,.,.,.,.,.,.,.,.,0.41,0.15,0.56,.,23.2,.,.,.,.,.,.,.,.,.,.,.,.,23.2,.,.,.,.,.,.,28.2,22.9,22.8,-0.12,-0.12,-0.62,0.13,.,0.13886364,.,0.13886364,.,.,.,.,.,.,.,.,.,.,.,.,.,.,.,.,.,8.3,6.6,7.45,66.9,78.8,72.85,8.3,6.7,7.53,941,25,1,1994,306,11.00,.,.,.,2,.,.,.,.,.,.,.,.,0.63,0.15,0.78,.,20.6,.,.,.,.,.,.,.,.,.,.,.,.,20.6,.,.,.,.,.,.,36.7,20.5,22.2,-0.15,-0.15,-0.78,0.18,.,0.172293776,.,0.172293776,.,.,.,.,.,.,.,.,.,.,.,.,.,.,.,.,.,8.3,6.6,7.45,66.9,78.8,72.85,8.3,6.7,7.51,344,35,0,1994,306,15.00,3,1,.,1,.,.,.,.,.,.,.,.,0.7,0.15,0.85,.,23.4,.,.,.,.,.,.,.,.,.,.,.,.,23.4,.,.,.,.,.,.,28.1,23,25.2,-0.01,-0.01,-0.03,0.05,.,0.136292091,.,0.136292091,.,.,.,.,.,.,.,.,.,.,.,.,.,.,.,.,.,8.3,8.3,8.3,66.9,66.9,66.9,8.4,8.4,8.41,468,45,0,1994,306,15.00,0,2,.,2,.,.,.,.,.,.,.,.,0.72,0.15,0.87,.,23.4,.,.,.,.,.,.,.,.,.,.,.,.,23.4,.,.,.,.,.,.,28.1,23,25.3,0,0,0,0.05,.,0.136292091,.,0.136292091,.,.,.,.,.,.,.,.,.,.,.,.,.,.,.,.,.,8.3,8.3,8.3,66.9,66.9,66.9,8.4,8.4,8.41,538,35,0,1994,306,15.00,0,2,.,2,.,.,.,.,.,.,.,.,0.49,0.15,0.64,.,23.4,.,.,.,.,.,.,.,.,.,.,.,.,23.4,.,.,.,.,.,.,28.1,23.1,23.6,-0.08,-0.08,-0.39,0.08,.,0.136292091,.,0.136292091,.,.,.,.,.,.,.,.,.,.,.,.,.,.,.,.,.,8.3,8.3,8.3,66.9,66.9,66.9,8.3,8.3,8.32,82,25,1,1994,306,15.00,0,2,.,2,.,.,.,.,.,.,.,.,0.42,0.15,0.57,.,23.2,.,.,.,.,.,.,.,.,.,.,.,.,23.2,.,.,.,.,.,.,27,22.9,22.9,-0.12,-0.12,-0.6,0.13,.,0.13886364,.,0.13886364,.,.,.,.,.,.,.,.,.,.,.,.,.,.,.,.,.,8.3,8.3,8.3,66.9,66.9,66.9,8.3,8.3,8.32,158,45,1,1994,306,15.00,-1,2,.,2,.,.,.,.,.,.,.,.,1.16,0.15,1.31,.,23.2,.,.,.,.,.,.,.,.,.,.,.,.,23.2,.,.,.,.,.,.,27,22.4,28,0.43,0.7,0.46,0.09,.,0.13886364,.,0.13886364,.,.,.,.,.,.,.,.,.,.,.,.,.,.,.,.,.,8.3,8.3,8.3,66.9,66.9,66.9,8.4,8.4,8.42,229,35,1,1994,306,15.00,0,2,.,2,.,.,.,.,.,.,.,.,0.62,0.15,0.77,.,23.2,.,.,.,.,.,.,.,.,.,.,.,.,23.2,.,.,.,.,.,.,27,22.9,24.4,-0.04,-0.04,-0.21,0.06,.,0.13886364,.,0.13886364,.,.,.,.,.,.,.,.,.,.,.,.,.,.,.,.,.,8.3,8.3,8.3,66.9,66.9,66.9,8.3,8.3,8.32,745,55,0,1994,306,15.00,0,2,.,2,.,.,.,.,.,.,.,.,0.62,0.15,0.77,.,23.2,.,.,.,.,.,.,.,.,.,.,.,.,23.2,.,.,.,.,.,.,27,22.9,24.4,-0.04,-0.04,-0.21,0.06,.,0.13886364,.,0.13886364,.,.,.,.,.,.,.,.,.,.,.,.,.,.,.,.,.,8.3,8.3,8.3,66.9,66.9,66.9,8.3,8.3,8.33,662,35,0,1994,306,15.00,-1,2,.,2,.,.,.,.,.,.,.,.,1.09,0.15,1.24,.,21.3,.,.,.,.,.,.,.,.,.,.,.,.,21.3,.,.,.,.,.,.,37.6,21,26.3,0.1,0.21,0.09,0.05,.,0.163293354,.,0.163293354,.,.,.,.,.,.,.,.,.,.,.,.,.,.,.,.,.,8.3,8.3,8.3,66.9,66.9,66.9,8.4,8.4,8.43,720,35,0,1994,306,15.00,0,2,.,2,.,.,.,.,.,.,.,.,0.83,0.15,0.98,.,21.3,.,.,.,.,.,.,.,.,.,.,.,.,21.3,.,.,.,.,.,.,37.6,21.2,24.4,-0.04,-0.04,-0.26,0.06,.,0.163293354,.,0.163293354,.,.,.,.,.,.,.,.,.,.,.,.,.,.,.,.,.,8.3,8.3,8.3,66.9,66.9,66.9,8.4,8.4,8.43,1209,35,0,1994,306,15.00,0,2,.,2,.,.,.,.,.,.,.,.,0.98,0.15,1.13,.,19.9,.,.,.,.,.,.,.,.,.,.,.,.,19.9,.,.,.,.,.,.,37.2,19.8,24.2,-0.05,-0.05,-0.34,0.07,.,0.181294197,.,0.181294197,.,.,.,.,.,.,.,.,.,.,.,.,.,.,.,.,.,8.3,8.3,8.3,66.9,66.9,66.9,8.4,8.4,8.43,1269,25,1,1994,306,15.00,-3,1,.,3,.,.,.,.,.,.,.,.,1,0.15,1.15,.,19.9,.,.,.,.,.,.,.,.,.,.,.,.,19.9,.,.,.,.,.,.,37.2,19.8,24.3,-0.05,-0.05,-0.31,0.07,.,0.181294197,.,0.181294197,.,.,.,.,.,.,.,.,.,.,.,.,.,.,.,.,.,8.3,8.3,8.3,66.9,66.9,66.9,8.4,8.4,8.43,1781,25,1,1994,306,15.00,0,2,.,2,.,.,.,.,.,.,.,.,0.83,0.15,0.98,.,21.3,.,.,.,.,.,.,.,.,.,.,.,.,21.3,.,.,.,.,.,.,32.9,21.1,24.3,-0.05,-0.05,-0.29,0.07,.,0.163293354,.,0.163293354,.,.,.,.,.,.,.,.,.,.,.,.,.,.,.,.,.,8.3,8.3,8.3,66.9,66.9,66.9,8.4,8.4,8.41,23,45,0,1994,306,16.00,3,1,.,1,.,.,.,.,.,.,.,.,0.72,0.15,0.87,.,23,.,.,.,.,.,.,.,.,.,.,.,.,23,.,.,.,.,.,.,28.1,22.7,25,-0.02,-0.02,-0.09,0.05,.,0.141435189,.,0.141435189,.,.,.,.,.,.,.,.,.,.,.,.,.,.,.,.,.,8.3,8.3,8.3,66.9,63.7,65.3,8.4,8.3,8.351,199,45,0,1994,306,16.00,1,2,.,2,.,.,.,.,.,.,.,.,1.06,0.15,1.21,.,23,.,.,.,.,.,.,.,.,.,.,.,.,23,.,.,.,.,.,.,28.1,22.3,27.2,0.31,0.49,0.33,0.07,.,0.141435189,.,0.141435189,.,.,.,.,.,.,.,.,.,.,.,.,.,.,.,.,.,8.3,8.3,8.3,66.9,63.7,65.3,8.4,8.3,8.352,592,45,0,1994,306,16.00,2,1,.,1,.,.,.,.,.,.,.,.,0.8,0.15,0.95,.,23.2,.,.,.,.,.,.,.,.,.,.,.,.,23.2,.,.,.,.,.,.,26.7,22.7,25.7,0.02,0.07,0.06,0.05,.,0.13886364,.,0.13886364,.,.,.,.,.,.,.,.,.,.,.,.,.,.,.,.,.,8.3,8.3,8.3,66.9,63.7,65.3,8.4,8.3,8.352,675,45,0,1994,306,16.00,-1,2,.,3,.,.,.,.,.,.,.,.,0.64,0.15,0.79,.,23.2,.,.,.,.,.,.,.,.,.,.,.,.,23.2,.,.,.,.,.,.,26.7,22.9,24.6,-0.03,-0.03,-0.18,0.06,.,0.13886364,.,0.13886364,.,.,.,.,.,.,.,.,.,.,.,.,.,.,.,.,.,8.3,8.3,8.3,66.9,63.7,65.3,8.3,8.3,8.33,24,35,0,1994,306,16.00,0,2,.,2,.,.,.,.,.,.,.,.,0.62,0.15,0.77,.,22.7,.,.,.,.,.,.,.,.,.,.,.,.,22.7,.,.,.,.,.,.,33.2,22.5,24.1,-0.06,-0.06,-0.3,0.07,.,0.145292512,.,0.145292512,.,.,.,.,.,.,.,.,.,.,.,.,.,.,.,.,.,8.3,8.3,8.3,66.9,63.7,65.3,8.3,8.3,8.33,1539,.,.,1994,306,16.00,0,2,.,2,.,.,.,.,.,.,.,.,1.06,0.15,1.21,.,21.3,.,.,.,.,.,.,.,.,.,.,.,.,21.3,.,.,.,.,.,.,32.3,20.9,25.9,0.04,0.11,0.02,0.05,.,0.163293354,.,0.163293354,.,.,.,.,.,.,.,.,.,.,.,.,.,.,.,.,.,8.3,8.3,8.3,66.9,63.7,65.3,8.4,8.3,8.353,1985,25,1,1994,306,16.00,-3,1,.,3,.,.,.,.,.,.,.,.,0.42,0.15,0.57,.,21.6,.,.,.,.,.,.,.,.,.,.,.,.,21.6,.,.,.,.,.,.,33.4,21.4,21.3,-0.21,-0.21,-1.03,0.27,.,0.159436031,.,0.159436031,.,.,.,.,.,.,.,.,.,.,.,.,.,.,.,.,.,8.3,8.3,8.3,66.9,63.7,65.3,8.3,8.3,8.31,135,35,0,1994,307,11.00,0,2,.,2,.,.,.,.,.,.,.,.,0.66,0.15,0.81,.,22.7,.,.,.,.,.,.,.,.,.,.,.,.,22.7,.,.,.,.,.,.,25.5,22.4,24.3,-0.05,-0.05,-0.28,0.07,.,0.145292512,.,0.145292512,.,.,.,.,.,.,.,.,.,.,.,.,.,.,.,.,.,13.8,9.4,11.6,44.5,55.9,50.2,13.7,9.4,11.551,200,45,0,1994,307,11.00,0,2,.,2,.,.,.,.,.,.,.,.,0.64,0.15,0.79,.,22.7,.,.,.,.,.,.,.,.,.,.,.,.,22.7,.,.,.,.,.,.,25.5,22.4,24.1,-0.06,-0.06,-0.31,0.07,.,0.145292512,.,0.145292512,.,.,.,.,.,.,.,.,.,.,.,.,.,.,.,.,.,13.8,9.4,11.6,44.5,55.9,50.2,13.7,9.4,11.551,270,45,1,1994,307,11.00,-1,2,.,2,.,.,.,.,.,.,.,.,0.48,0.15,0.63,.,22.7,.,.,.,.,.,.,.,.,.,.,.,.,22.7,.,.,.,.,.,.,25.5,22.4,22.8,-0.12,-0.12,-0.62,0.13,.,0.145292512,.,0.145292512,.,.,.,.,.,.,.,.,.,.,.,.,.,.,.,.,.,13.8,9.4,11.6,44.5,55.9,50.2,13.7,9.4,11.551,469,45,0,1994,307,11.00,0,2,.,2,.,.,.,.,.,.,.,.,0.72,0.15,0.87,.,22.7,.,.,.,.,.,.,.,.,.,.,.,.,22.7,.,.,.,.,.,.,25.5,22.4,24.7,-0.03,-0.03,-0.18,0.06,.,0.145292512,.,0.145292512,.,.,.,.,.,.,.,.,.,.,.,.,.,.,.,.,.,13.8,9.4,11.6,44.5,55.9,50.2,13.7,9.4,11.551,539,35,0,1994,307,11.00,0,2,.,2,.,.,.,.,.,.,.,.,0.62,0.15,0.77,.,22.7,.,.,.,.,.,.,.,.,.,.,.,.,22.7,.,.,.,.,.,.,25.5,22.4,24,-0.06,-0.06,-0.35,0.08,.,0.145292512,.,0.145292512,.,.,.,.,.,.,.,.,.,.,.,.,.,.,.,.,.,13.8,9.4,11.6,44.5,55.9,50.2,13.7,9.4,11.551,605,35,0,1994,307,11.00,0,2,.,2,.,.,.,.,.,.,.,.,0.49,0.15,0.64,.,22.7,.,.,.,.,.,.,.,.,.,.,.,.,22.7,.,.,.,.,.,.,25.5,22.4,22.9,-0.11,-0.11,-0.6,0.13,.,0.145292512,.,0.145292512,.,.,.,.,.,.,.,.,.,.,.,.,.,.,.,.,.,13.8,9.4,11.6,44.5,55.9,50.2,13.7,9.4,11.552,15,35,1,1994,307,11.00,0,2,.,2,.,.,.,.,.,.,.,.,0.62,0.15,0.77,.,23.2,.,.,.,.,.,.,.,.,.,.,.,.,23.2,.,.,.,.,.,.,24,22.9,24.4,-0.04,-0.04,-0.23,0.06,.,0.13886364,.,0.13886364,.,.,.,.,.,.,.,.,.,.,.,.,.,.,.,.,.,13.8,9.4,11.6,44.5,55.9,50.2,13.7,9.4,11.552,230,35,1,1994,307,11.00,0,2,.,2,.,.,.,.,.,.,.,.,0.58,0.15,0.73,.,23.2,.,.,.,.,.,.,.,.,.,.,.,.,23.2,.,.,.,.,.,.,24,22.9,24.1,-0.06,-0.06,-0.3,0.07,.,0.13886364,.,0.13886364,.,.,.,.,.,.,.,.,.,.,.,.,.,.,.,.,.,13.8,9.4,11.6,44.5,55.9,50.2,13.7,9.4,11.553,96,.,.,1994,307,11.00,0,2,.,2,.,.,.,.,.,.,.,.,1.06,0.15,1.21,.,23.4,.,.,.,.,.,.,.,.,.,.,.,.,23.4,.,.,.,.,.,.,31.4,22.8,27.6,0.38,0.61,0.43,0.09,.,0.136292091,.,0.136292091,.,.,.,.,.,.,.,.,.,.,.,.,.,.,.,.,.,13.8,9.4,11.6,44.5,55.9,50.2,13.8,9.4,11.63,322,35,0,1994,307,11.00,1,2,.,2,.,.,.,.,.,.,.,.,0.62,0.15,0.77,.,23.4,.,.,.,.,.,.,.,.,.,.,.,.,23.4,.,.,.,.,.,.,31.4,23.2,24.7,-0.03,-0.03,-0.14,0.05,.,0.136292091,.,0.136292091,.,.,.,.,.,.,.,.,.,.,.,.,.,.,.,.,.,13.8,9.4,11.6,44.5,55.9,50.2,13.7,9.4,11.553,459,35,0,1994,307,11.00,1,2,.,2,.,.,.,.,.,.,.,.,0.62,0.15,0.77,.,20.6,.,.,.,.,.,.,.,.,.,.,.,.,20.6,.,.,.,.,.,.,34,20.4,22.1,-0.16,-0.16,-0.82,0.19,.,0.172293776,.,0.172293776,.,.,.,.,.,.,.,.,.,.,.,.,.,.,.,.,.,13.8,9.4,11.6,44.5,55.9,50.2,13.7,9.4,11.553,663,35,0,1994,307,11.00,1,2,.,2,.,.,.,.,.,.,.,.,0.74,0.15,0.89,.,20.6,.,.,.,.,.,.,.,.,.,.,.,.,20.6,.,.,.,.,.,.,37.5,20.5,23.1,-0.1,-0.1,-0.57,0.12,.,0.172293776,.,0.172293776,.,.,.,.,.,.,.,.,.,.,.,.,.,.,.,.,.,13.8,9.4,11.6,44.5,55.9,50.2,13.7,9.4,11.553,1210,35,0,1994,307,11.00,1,2,.,2,.,.,.,.,.,.,.,.,0.98,0.15,1.13,.,20.2,.,.,.,.,.,.,.,.,.,.,.,.,20.2,.,.,.,.,.,.,37.2,20.1,24.4,-0.04,-0.04,-0.28,0.07,.,0.177436873,.,0.177436873,.,.,.,.,.,.,.,.,.,.,.,.,.,.,.,.,.,13.8,9.4,11.6,44.5,55.9,50.2,13.7,9.4,11.553,1270,25,1,1994,307,11.00,-1,2,.,3,.,.,.,.,.,.,.,.,1.04,0.15,1.19,.,20.2,.,.,.,.,.,.,.,.,.,.,.,.,20.2,.,.,.,.,.,.,37.2,20.1,24.8,-0.02,-0.02,-0.2,0.06,.,0.177436873,.,0.177436873,.,.,.,.,.,.,.,.,.,.,.,.,.,.,.,.,.,13.8,9.4,11.6,44.5,55.9,50.2,13.8,9.4,11.63,1728,45,1,1994,307,11.00,0,2,.,2,.,.,.,.,.,.,.,.,0.63,0.15,0.78,.,22.3,.,.,.,.,.,.,.,.,.,.,.,.,22.3,.,.,.,.,.,.,35.2,22.1,23.8,-0.07,-0.07,-0.37,0.08,.,0.15043561,.,0.15043561,.,.,.,.,.,.,.,.,.,.,.,.,.,.,.,.,.,13.8,9.4,11.6,44.5,55.9,50.2,13.7,9.4,11.553,1782,25,1,1994,307,11.00,-2,1,.,3,.,.,.,.,.,.,.,.,0.65,0.15,0.8,.,21.3,.,.,.,.,.,.,.,.,.,.,.,.,21.3,.,.,.,.,.,.,36,21.1,23,-0.11,-0.11,-0.58,0.12,.,0.163293354,.,0.163293354,.,.,.,.,.,.,.,.,.,.,.,.,.,.,.,.,.,13.8,9.4,11.6,44.5,55.9,50.2,13.7,9.4,11.554,16,35,1,1994,307,11.00,0,2,.,2,.,.,.,.,.,.,.,.,0.42,0.15,0.57,.,23.8,.,.,.,.,.,.,.,.,.,.,.,.,23.8,.,.,.,.,.,.,22.7,23.5,23.4,-0.09,-0.09,-0.46,0.09,.,0.131148993,.,0.131148993,.,.,.,.,.,.,.,.,.,.,.,.,.,.,.,.,.,13.8,9.4,11.6,44.5,55.9,50.2,13.7,9.4,11.551,24,45,0,1994,307,12.00,3,1,.,1,.,.,.,.,.,.,.,.,1.06,0.15,1.21,.,22.7,.,.,.,.,.,.,.,.,.,.,.,.,22.7,.,.,.,.,.,.,24.4,22,26.9,0.25,0.4,0.25,0.06,.,0.145292512,.,0.145292512,.,.,.,.,.,.,.,.,.,.,.,.,.,.,.,.,.,13.8,11.2,12.5,44.5,46.2,45.35,13.8,11.2,12.52,366,35,1,1994,307,12.00,1,2,.,2,.,.,.,.,.,.,.,.,0.78,0.15,0.93,.,23.2,.,.,.,.,.,.,.,.,.,.,.,.,23.2,.,.,.,.,.,.,23.1,22.7,25.5,0,0,0.01,0.05,.,0.13886364,.,0.13886364,.,.,.,.,.,.,.,.,.,.,.,.,.,.,.,.,.,13.8,11.2,12.5,44.5,46.2,45.35,13.7,11.1,12.42,548,35,0,1994,307,12.00,2,1,.,1,.,.,.,.,.,.,.,.,1.04,0.15,1.19,.,23.2,.,.,.,.,.,.,.,.,.,.,.,.,23.2,.,.,.,.,.,.,23.1,22.4,27.1,0.3,0.46,0.32,0.07,.,0.13886364,.,0.13886364,.,.,.,.,.,.,.,.,.,.,.,.,.,.,.,.,.,13.8,11.2,12.5,44.5,46.2,45.35,13.8,11.2,12.52,593,45,0,1994,307,12.00,1,2,.,1,.,.,.,.,.,.,.,.,0.8,0.15,0.95,.,23.2,.,.,.,.,.,.,.,.,.,.,.,.,23.2,.,.,.,.,.,.,23.1,22.7,25.6,0.01,0.05,0.04,0.05,.,0.13886364,.,0.13886364,.,.,.,.,.,.,.,.,.,.,.,.,.,.,.,.,.,13.8,11.2,12.5,44.5,46.2,45.35,13.7,11.1,12.42,676,45,0,1994,307,12.00,0,2,.,2,.,.,.,.,.,.,.,.,0.64,0.15,0.79,.,23.2,.,.,.,.,.,.,.,.,.,.,.,.,23.2,.,.,.,.,.,.,23.1,22.9,24.5,-0.04,-0.04,-0.2,0.06,.,0.13886364,.,0.13886364,.,.,.,.,.,.,.,.,.,.,.,.,.,.,.,.,.,13.8,11.2,12.5,44.5,46.2,45.35,13.7,11.1,12.42,746,55,0,1994,307,12.00,0,2,.,2,.,.,.,.,.,.,.,.,0.62,0.15,0.77,.,23.2,.,.,.,.,.,.,.,.,.,.,.,.,23.2,.,.,.,.,.,.,23.1,22.9,24.4,-0.04,-0.04,-0.24,0.06,.,0.13886364,.,0.13886364,.,.,.,.,.,.,.,.,.,.,.,.,.,.,.,.,.,13.8,11.2,12.5,44.5,46.2,45.35,13.7,11.1,12.43,1421,45,0,1994,307,12.00,-2,1,.,3,.,.,.,.,.,.,.,.,1.04,0.15,1.19,.,20.9,.,.,.,.,.,.,.,.,.,.,.,.,20.9,.,.,.,.,.,.,32,20.6,25.4,-0.01,-0.01,-0.08,0.05,.,0.168436452,.,0.168436452,.,.,.,.,.,.,.,.,.,.,.,.,.,.,.,.,.,13.8,11.2,12.5,44.5,46.2,45.35,13.8,11.2,12.51,136,35,0,1994,307,14.00,1,2,.,1,.,.,.,.,.,.,.,.,0.62,0.15,0.77,.,23.4,.,.,.,.,.,.,.,.,.,.,.,.,23.4,.,.,.,.,.,.,24,23.1,24.6,-0.03,-0.03,-0.18,0.06,.,0.136292091,.,0.136292091,.,.,.,.,.,.,.,.,.,.,.,.,.,.,.,.,.,13.8,13.6,13.7,44.5,44.8,44.65,13.7,13.5,13.62,83,25,1,1994,307,14.00,0,2,.,2,.,.,.,.,.,.,.,.,0.41,0.15,0.56,.,23.2,.,.,.,.,.,.,.,.,.,.,.,.,23.2,.,.,.,.,.,.,24,22.9,22.7,-0.12,-0.12,-0.64,0.14,.,0.13886364,.,0.13886364,.,.,.,.,.,.,.,.,.,.,.,.,.,.,.,.,.,13.8,13.6,13.7,44.5,44.8,44.65,13.7,13.5,13.62,367,35,1,1994,307,14.00,0,2,.,2,.,.,.,.,.,.,.,.,0.44,0.15,0.59,.,23.2,.,.,.,.,.,.,.,.,.,.,.,.,23.2,.,.,.,.,.,.,24,22.9,23,-0.11,-0.11,-0.58,0.12,.,0.13886364,.,0.13886364,.,.,.,.,.,.,.,.,.,.,.,.,.,.,.,.,.,13.8,13.6,13.7,44.5,44.8,44.65,13.7,13.5,13.62,677,45,0,1994,307,14.00,0,2,.,2,.,.,.,.,.,.,.,.,0.64,0.15,0.79,.,23.2,.,.,.,.,.,.,.,.,.,.,.,.,23.2,.,.,.,.,.,.,24,22.9,24.6,-0.04,-0.04,-0.2,0.06,.,0.13886364,.,0.13886364,.,.,.,.,.,.,.,.,.,.,.,.,.,.,.,.,.,13.8,13.6,13.7,44.5,44.8,44.65,13.7,13.5,13.62,747,55,0,1994,307,14.00,0,2,.,2,.,.,.,.,.,.,.,.,0.62,0.15,0.77,.,23.2,.,.,.,.,.,.,.,.,.,.,.,.,23.2,.,.,.,.,.,.,24,22.9,24.4,-0.04,-0.04,-0.23,0.06,.,0.13886364,.,0.13886364,.,.,.,.,.,.,.,.,.,.,.,.,.,.,.,.,.,13.8,13.6,13.7,44.5,44.8,44.65,13.7,13.5,13.63,323,35,0,1994,307,14.00,2,1,.,1,.,.,.,.,.,.,.,.,0.57,0.15,0.72,.,24.1,.,.,.,.,.,.,.,.,.,.,.,.,24.1,.,.,.,.,.,.,27.3,23.8,24.9,-0.02,-0.02,-0.06,0.05,.,0.12729167,.,0.12729167,.,.,.,.,.,.,.,.,.,.,.,.,.,.,.,.,.,13.8,13.6,13.7,44.5,44.8,44.65,13.7,13.5,13.63,664,35,0,1994,307,14.00,1,2,.,2,.,.,.,.,.,.,.,.,0.74,0.15,0.89,.,21.3,.,.,.,.,.,.,.,.,.,.,.,.,21.3,.,.,.,.,.,.,33.9,21.1,23.7,-0.08,-0.08,-0.43,0.09,.,0.163293354,.,0.163293354,.,.,.,.,.,.,.,.,.,.,.,.,.,.,.,.,.,13.8,13.6,13.7,44.5,44.8,44.65,13.7,13.5,13.63,1166,45,1,1994,307,14.00,0,2,.,2,.,.,.,.,.,.,.,.,0.59,0.15,0.74,.,20.6,.,.,.,.,.,.,.,.,.,.,.,.,20.6,.,.,.,.,.,.,35.2,20.4,21.8,-0.17,-0.17,-0.88,0.21,.,0.172293776,.,0.172293776,.,.,.,.,.,.,.,.,.,.,.,.,.,.,.,.,.,13.8,13.6,13.7,44.5,44.8,44.65,13.7,13.5,13.63,1422,45,0,1994,307,14.00,0,2,.,2,.,.,.,.,.,.,.,.,0.7,0.15,0.85,.,22.7,.,.,.,.,.,.,.,.,.,.,.,.,22.7,.,.,.,.,.,.,30,22.5,24.6,-0.03,-0.03,-0.18,0.06,.,0.145292512,.,0.145292512,.,.,.,.,.,.,.,.,.,.,.,.,.,.,.,.,.,13.8,13.6,13.7,44.5,44.8,44.65,13.7,13.5,13.63,1541,.,.,1994,307,14.00,0,2,.,2,.,.,.,.,.,.,.,.,1.06,0.15,1.21,.,21.6,.,.,.,.,.,.,.,.,.,.,.,.,21.6,.,.,.,.,.,.,35,21.3,26.2,0.11,0.21,0.1,0.05,.,0.159436031,.,0.159436031,.,.,.,.,.,.,.,.,.,.,.,.,.,.,.,.,.,13.8,13.6,13.7,44.5,44.8,44.65,13.8,13.6,13.74,17,35,1,1994,307,14.00,0,2,.,2,.,.,.,.,.,.,.,.,0.42,0.15,0.57,.,23.8,.,.,.,.,.,.,.,.,.,.,.,.,23.8,.,.,.,.,.,.,22.7,23.5,23.4,-0.09,-0.09,-0.46,0.09,.,0.131148993,.,0.131148993,.,.,.,.,.,.,.,.,.,.,.,.,.,.,.,.,.,13.8,13.6,13.7,44.5,44.8,44.65,13.7,13.5,13.63,25,35,0,1994,307,15.00,1,2,.,2,.,.,.,.,.,.,.,.,0.83,0.15,0.98,.,24.1,.,.,.,.,.,.,.,.,.,.,.,.,24.1,.,.,.,.,.,.,28.6,23.5,26.7,0.24,0.36,0.32,0.07,.,0.12729167,.,0.12729167,.,.,.,.,.,.,.,.,.,.,.,.,.,.,.,.,.,13.8,13.8,13.8,44.5,44.5,44.5,13.7,13.7,13.73,227,35,0,1994,307,15.00,0,2,.,2,.,.,.,.,.,.,.,.,0.64,0.15,0.79,.,23.4,.,.,.,.,.,.,.,.,.,.,.,.,23.4,.,.,.,.,.,.,30.4,23.2,24.8,-0.02,-0.02,-0.11,0.05,.,0.136292091,.,0.136292091,.,.,.,.,.,.,.,.,.,.,.,.,.,.,.,.,.,13.8,13.8,13.8,44.5,44.5,44.5,13.7,13.7,13.73,799,25,1,1994,307,15.00,0,2,.,2,.,.,.,.,.,.,.,.,0.87,0.15,1.02,.,24.1,.,.,.,.,.,.,.,.,.,.,.,.,24.1,.,.,.,.,.,.,28.6,23.5,26.9,0.29,0.42,0.36,0.08,.,0.12729167,.,0.12729167,.,.,.,.,.,.,.,.,.,.,.,.,.,.,.,.,.,13.8,13.8,13.8,44.5,44.5,44.5,13.7,13.7,13.73,1121,.,.,1994,307,15.00,-1,2,.,3,.,.,.,.,.,.,.,.,0.85,0.15,1,.,20.6,.,.,.,.,.,.,.,.,.,.,.,.,20.6,.,.,.,.,.,.,34.1,20.4,23.8,-0.07,-0.07,-0.4,0.08,.,0.172293776,.,0.172293776,.,.,.,.,.,.,.,.,.,.,.,.,.,.,.,.,.,13.8,13.8,13.8,44.5,44.5,44.5,13.7,13.7,13.73,1211,35,0,1994,307,15.00,0,2,.,2,.,.,.,.,.,.,.,.,0.98,0.15,1.13,.,20.6,.,.,.,.,.,.,.,.,.,.,.,.,20.6,.,.,.,.,.,.,34.1,20.4,24.7,-0.03,-0.03,-0.21,0.06,.,0.172293776,.,0.172293776,.,.,.,.,.,.,.,.,.,.,.,.,.,.,.,.,.,13.8,13.8,13.8,44.5,44.5,44.5,13.7,13.7,13.73,1271,25,1,1994,307,15.00,-1,2,.,3,.,.,.,.,.,.,.,.,1.04,0.15,1.19,.,20.6,.,.,.,.,.,.,.,.,.,.,.,.,20.6,.,.,.,.,.,.,34.1,20.4,25.2,-0.01,-0.01,-0.13,0.05,.,0.172293776,.,0.172293776,.,.,.,.,.,.,.,.,.,.,.,.,.,.,.,.,.,13.8,13.8,13.8,44.5,44.5,44.5,13.8,13.8,13.83,1640,25,1,1994,307,15.00,-2,1,.,3,.,.,.,.,.,.,.,.,0.63,0.15,0.78,.,22.7,.,.,.,.,.,.,.,.,.,.,.,.,22.7,.,.,.,.,.,.,27.8,22.4,24.1,-0.06,-0.06,-0.31,0.07,.,0.145292512,.,0.145292512,.,.,.,.,.,.,.,.,.,.,.,.,.,.,.,.,.,13.8,13.8,13.8,44.5,44.5,44.5,13.7,13.7,13.73,1729,45,1,1994,307,15.00,0,2,.,2,.,.,.,.,.,.,.,.,0.63,0.15,0.78,.,22.7,.,.,.,.,.,.,.,.,.,.,.,.,22.7,.,.,.,.,.,.,27.8,22.4,24.1,-0.06,-0.06,-0.31,0.07,.,0.145292512,.,0.145292512,.,.,.,.,.,.,.,.,.,.,.,.,.,.,.,.,.,13.8,13.8,13.8,44.5,44.5,44.5,13.7,13.7,13.73,1783,25,1,1994,307,15.00,-1,2,.,3,.,.,.,.,.,.,.,.,0.65,0.15,0.8,.,21.6,.,.,.,.,.,.,.,.,.,.,.,.,21.6,.,.,.,.,.,.,30.8,21.4,23.2,-0.1,-0.1,-0.53,0.11,.,0.159436031,.,0.159436031,.,.,.,.,.,.,.,.,.,.,.,.,.,.,.,.,.,13.8,13.8,13.8,44.5,44.5,44.5,13.7,13.7,13.71,137,35,0,1994,308,9.00,0,2,.,2,.,.,.,.,.,.,.,.,0.62,0.15,0.77,.,22,.,.,.,.,.,.,.,.,.,.,.,.,22,.,.,.,.,.,.,35.5,21.8,23.4,-0.09,-0.09,-0.46,0.09,.,0.154292933,.,0.154292933,.,.,.,.,.,.,.,.,.,.,.,.,.,.,.,.,.,13.5,9.3,11.4,99.9,97.9,98.9,13.8,9.5,11.651,272,45,1,1994,308,9.00,0,2,.,2,.,.,.,.,.,.,.,.,0.55,0.15,0.7,.,22,.,.,.,.,.,.,.,.,.,.,.,.,22,.,.,.,.,.,.,35.5,21.8,22.9,-0.11,-0.11,-0.6,0.12,.,0.154292933,.,0.154292933,.,.,.,.,.,.,.,.,.,.,.,.,.,.,.,.,.,13.5,9.3,11.4,99.9,97.9,98.9,13.8,9.5,11.651,606,35,0,1994,308,9.00,0,2,.,2,.,.,.,.,.,.,.,.,0.49,0.15,0.64,.,22,.,.,.,.,.,.,.,.,.,.,.,.,22,.,.,.,.,.,.,35.5,21.8,22.4,-0.14,-0.14,-0.73,0.16,.,0.154292933,.,0.154292933,.,.,.,.,.,.,.,.,.,.,.,.,.,.,.,.,.,13.5,9.3,11.4,99.9,97.9,98.9,13.8,9.5,11.652,84,25,1,1994,308,9.00,0,2,.,2,.,.,.,.,.,.,.,.,0.67,0.15,0.82,.,23.2,.,.,.,.,.,.,.,.,.,.,.,.,23.2,.,.,.,.,.,.,34,23,24.9,-0.02,-0.02,-0.08,0.05,.,0.13886364,.,0.13886364,.,.,.,.,.,.,.,.,.,.,.,.,.,.,.,.,.,13.5,9.3,11.4,99.9,97.9,98.9,13.8,9.5,11.652,368,35,1,1994,308,9.00,0,2,.,2,.,.,.,.,.,.,.,.,0.84,0.15,0.99,.,23.2,.,.,.,.,.,.,.,.,.,.,.,.,23.2,.,.,.,.,.,.,34,22.8,26.1,0.11,0.2,0.16,0.06,.,0.13886364,.,0.13886364,.,.,.,.,.,.,.,.,.,.,.,.,.,.,.,.,.,13.5,9.3,11.4,99.9,97.9,98.9,13.8,9.5,11.652,499,45,1,1994,308,9.00,-1,2,.,2,.,.,.,.,.,.,.,.,0.62,0.15,0.77,.,23.2,.,.,.,.,.,.,.,.,.,.,.,.,23.2,.,.,.,.,.,.,34,23,24.5,-0.03,-0.03,-0.17,0.06,.,0.13886364,.,0.13886364,.,.,.,.,.,.,.,.,.,.,.,.,.,.,.,.,.,13.5,9.3,11.4,99.9,97.9,98.9,13.8,9.5,11.652,748,55,0,1994,308,9.00,0,2,.,2,.,.,.,.,.,.,.,.,0.62,0.15,0.77,.,23.2,.,.,.,.,.,.,.,.,.,.,.,.,23.2,.,.,.,.,.,.,34,23,24.5,-0.03,-0.03,-0.17,0.06,.,0.13886364,.,0.13886364,.,.,.,.,.,.,.,.,.,.,.,.,.,.,.,.,.,13.5,9.3,11.4,99.9,97.9,98.9,13.8,9.5,11.653,169,.,.,1994,308,9.00,-1,2,.,3,.,.,.,.,.,.,.,.,0.83,0.15,0.98,.,21.6,.,.,.,.,.,.,.,.,.,.,.,.,21.6,.,.,.,.,.,.,42.3,21.5,24.7,-0.03,-0.03,-0.17,0.06,.,0.159436031,.,0.159436031,.,.,.,.,.,.,.,.,.,.,.,.,.,.,.,.,.,13.5,9.3,11.4,99.9,97.9,98.9,13.8,9.5,11.653,324,35,0,1994,308,9.00,0,2,.,2,.,.,.,.,.,.,.,.,0.62,0.15,0.77,.,20.9,.,.,.,.,.,.,.,.,.,.,.,.,20.9,.,.,.,.,.,.,44.1,20.8,22.5,-0.13,-0.13,-0.69,0.15,.,0.168436452,.,0.168436452,.,.,.,.,.,.,.,.,.,.,.,.,.,.,.,.,.,13.5,9.3,11.4,99.9,97.9,98.9,13.8,9.5,11.653,800,25,1,1994,308,9.00,-1,2,.,3,.,.,.,.,.,.,.,.,1.04,0.15,1.19,.,20.2,.,.,.,.,.,.,.,.,.,.,.,.,20.2,.,.,.,.,.,.,47,20.2,25,-0.02,-0.02,-0.15,0.05,.,0.177436873,.,0.177436873,.,.,.,.,.,.,.,.,.,.,.,.,.,.,.,.,.,13.5,9.3,11.4,99.9,97.9,98.9,13.8,9.5,11.653,944,25,1,1994,308,9.00,1,2,.,1,.,.,.,.,.,.,.,.,0.62,0.15,0.77,.,20.2,.,.,.,.,.,.,.,.,.,.,.,.,20.2,.,.,.,.,.,.,47,20.2,21.8,-0.17,-0.17,-0.85,0.2,.,0.177436873,.,0.177436873,.,.,.,.,.,.,.,.,.,.,.,.,.,.,.,.,.,13.5,9.3,11.4,99.9,97.9,98.9,13.8,9.5,11.653,1212,35,0,1994,308,9.00,0,2,.,2,.,.,.,.,.,.,.,.,0.96,0.15,1.11,.,19.5,.,.,.,.,.,.,.,.,.,.,.,.,19.5,.,.,.,.,.,.,44.6,19.5,23.8,-0.07,-0.07,-0.41,0.09,.,0.186437294,.,0.186437294,.,.,.,.,.,.,.,.,.,.,.,.,.,.,.,.,.,13.5,9.3,11.4,99.9,97.9,98.9,13.8,9.5,11.653,1472,45,1,1994,308,9.00,-1,2,.,3,.,.,.,.,.,.,.,.,0.85,0.15,1,.,19.5,.,.,.,.,.,.,.,.,.,.,.,.,19.5,.,.,.,.,.,.,44.6,19.5,23,-0.11,-0.11,-0.59,0.12,.,0.186437294,.,0.186437294,.,.,.,.,.,.,.,.,.,.,.,.,.,.,.,.,.,13.5,9.3,11.4,99.9,97.9,98.9,13.8,9.5,11.653,1542,.,.,1994,308,9.00,0,2,.,2,.,.,.,.,.,.,.,.,0.72,0.15,0.87,.,20.6,.,.,.,.,.,.,.,.,.,.,.,.,20.6,.,.,.,.,.,.,45.1,20.6,23,-0.11,-0.11,-0.56,0.12,.,0.172293776,.,0.172293776,.,.,.,.,.,.,.,.,.,.,.,.,.,.,.,.,.,13.5,9.3,11.4,99.9,97.9,98.9,13.8,9.5,11.653,1641,25,1,1994,308,9.00,-2,1,.,3,.,.,.,.,.,.,.,.,0.76,0.15,0.91,.,21.6,.,.,.,.,.,.,.,.,.,.,.,.,21.6,.,.,.,.,.,.,42.3,21.5,24.2,-0.05,-0.05,-0.28,0.07,.,0.159436031,.,0.159436031,.,.,.,.,.,.,.,.,.,.,.,.,.,.,.,.,.,13.5,9.3,11.4,99.9,97.9,98.9,13.8,9.5,11.653,1730,45,1,1994,308,9.00,0,2,.,2,.,.,.,.,.,.,.,.,0.63,0.15,0.78,.,21.6,.,.,.,.,.,.,.,.,.,.,.,.,21.6,.,.,.,.,.,.,42.3,21.5,23.2,-0.1,-0.1,-0.51,0.1,.,0.159436031,.,0.159436031,.,.,.,.,.,.,.,.,.,.,.,.,.,.,.,.,.,13.5,9.3,11.4,99.9,97.9,98.9,13.8,9.5,11.654,18,35,1,1994,308,9.00,-1,2,.,3,.,.,.,.,.,.,.,.,0.63,0.15,0.78,.,22.7,.,.,.,.,.,.,.,.,.,.,.,.,22.7,.,.,.,.,.,.,34.9,22.5,24.2,-0.05,-0.05,-0.27,0.07,.,0.145292512,.,0.145292512,.,.,.,.,.,.,.,.,.,.,.,.,.,.,.,.,.,13.5,9.3,11.4,99.9,97.9,98.9,13.8,9.5,11.651,345,35,0,1994,308,10.00,0,2,.,2,.,.,.,.,.,.,.,.,1.04,0.15,1.19,.,22.3,.,.,.,.,.,.,.,.,.,.,.,.,22.3,.,.,.,.,.,.,36.1,21.9,26.7,0.21,0.35,0.22,0.06,.,0.15043561,.,0.15043561,.,.,.,.,.,.,.,.,.,.,.,.,.,.,.,.,.,13.5,9.8,11.65,99.9,98.5,99.2,13.8,10,11.92,17,35,1,1994,308,10.00,0,2,.,2,.,.,.,.,.,.,.,.,0.66,0.15,0.81,.,23.2,.,.,.,.,.,.,.,.,.,.,.,.,23.2,.,.,.,.,.,.,34.9,23,24.8,-0.02,-0.02,-0.09,0.05,.,0.13886364,.,0.13886364,.,.,.,.,.,.,.,.,.,.,.,.,.,.,.,.,.,13.5,9.8,11.65,99.9,98.5,99.2,13.8,10,11.93,1986,25,1,1994,308,10.00,-1,2,.,2,.,.,.,.,.,.,.,.,0.5,0.15,0.65,.,20.9,.,.,.,.,.,.,.,.,.,.,.,.,20.9,.,.,.,.,.,.,45.8,20.9,21.5,-0.19,-0.19,-0.95,0.24,.,0.168436452,.,0.168436452,.,.,.,.,.,.,.,.,.,.,.,.,.,.,.,.,.,13.5,9.8,11.65,99.9,98.5,99.2,13.8,10,11.91,138,35,0,1994,308,16.00,0,2,.,2,.,.,.,.,.,.,.,.,0.96,0.15,1.11,.,23,.,.,.,.,.,.,.,.,.,.,.,.,23,.,.,.,.,.,.,41.7,22.8,26.9,0.25,0.43,0.31,0.07,.,0.141435189,.,0.141435189,.,.,.,.,.,.,.,.,.,.,.,.,.,.,.,.,.,13.5,13.5,13.5,99.9,99.9,99.9,13.8,13.8,13.81,346,35,0,1994,308,16.00,0,2,.,2,.,.,.,.,.,.,.,.,0.7,0.15,0.85,.,23,.,.,.,.,.,.,.,.,.,.,.,.,23,.,.,.,.,.,.,41.7,22.9,25,-0.01,-0.01,-0.04,0.05,.,0.141435189,.,0.141435189,.,.,.,.,.,.,.,.,.,.,.,.,.,.,.,.,.,13.5,13.5,13.5,99.9,99.9,99.9,13.8,13.8,13.81,393,45,0,1994,308,16.00,0,2,.,2,.,.,.,.,.,.,.,.,0.66,0.15,0.81,.,23,.,.,.,.,.,.,.,.,.,.,.,.,23,.,.,.,.,.,.,41.7,22.9,24.7,-0.02,-0.02,-0.1,0.05,.,0.141435189,.,0.141435189,.,.,.,.,.,.,.,.,.,.,.,.,.,.,.,.,.,13.5,13.5,13.5,99.9,99.9,99.9,13.8,13.8,13.81,542,35,0,1994,308,16.00,0,2,.,2,.,.,.,.,.,.,.,.,0.49,0.15,0.64,.,23,.,.,.,.,.,.,.,.,.,.,.,.,23,.,.,.,.,.,.,41.7,22.9,23.4,-0.08,-0.08,-0.41,0.09,.,0.141435189,.,0.141435189,.,.,.,.,.,.,.,.,.,.,.,.,.,.,.,.,.,13.5,13.5,13.5,99.9,99.9,99.9,13.8,13.8,13.81,607,35,0,1994,308,16.00,0,2,.,2,.,.,.,.,.,.,.,.,0.49,0.15,0.64,.,23,.,.,.,.,.,.,.,.,.,.,.,.,23,.,.,.,.,.,.,41.7,22.9,23.4,-0.08,-0.08,-0.41,0.09,.,0.141435189,.,0.141435189,.,.,.,.,.,.,.,.,.,.,.,.,.,.,.,.,.,13.5,13.5,13.5,99.9,99.9,99.9,13.8,13.8,13.82,439,55,1,1994,308,16.00,-1,2,.,3,.,.,.,.,.,.,.,.,0.58,0.15,0.73,.,23.6,.,.,.,.,.,.,.,.,.,.,.,.,23.6,.,.,.,.,.,.,42.9,23.5,24.7,-0.02,-0.02,-0.07,0.05,.,0.133720542,.,0.133720542,.,.,.,.,.,.,.,.,.,.,.,.,.,.,.,.,.,13.5,13.5,13.5,99.9,99.9,99.9,13.8,13.8,13.83,1079,35,1,1994,308,16.00,-3,1,.,3,.,.,.,.,.,.,.,.,1.02,0.15,1.17,.,21.6,.,.,.,.,.,.,.,.,.,.,.,.,21.6,.,.,.,.,.,.,53.7,21.7,26.4,0.13,0.26,0.16,0.06,.,0.159436031,.,0.159436031,.,.,.,.,.,.,.,.,.,.,.,.,.,.,.,.,.,13.5,13.5,13.5,99.9,99.9,99.9,13.8,13.8,13.83,1122,.,.,1994,308,16.00,-2,1,.,3,.,.,.,.,.,.,.,.,1.04,0.15,1.19,.,20.6,.,.,.,.,.,.,.,.,.,.,.,.,20.6,.,.,.,.,.,.,52.5,20.6,25.5,0,0,-0.04,0.05,.,0.172293776,.,0.172293776,.,.,.,.,.,.,.,.,.,.,.,.,.,.,.,.,.,13.5,13.5,13.5,99.9,99.9,99.9,13.8,13.8,13.83,1167,45,1,1994,308,16.00,0,2,.,2,.,.,.,.,.,.,.,.,1.01,0.15,1.16,.,20.6,.,.,.,.,.,.,.,.,.,.,.,.,20.6,.,.,.,.,.,.,52.5,20.6,25.2,-0.01,-0.01,-0.08,0.05,.,0.172293776,.,0.172293776,.,.,.,.,.,.,.,.,.,.,.,.,.,.,.,.,.,13.5,13.5,13.5,99.9,99.9,99.9,13.8,13.8,13.83,1642,25,1,1994,308,16.00,-3,1,.,3,.,.,.,.,.,.,.,.,1.1,0.15,1.25,.,21.6,.,.,.,.,.,.,.,.,.,.,.,.,21.6,.,.,.,.,.,.,53.7,21.7,27,0.22,0.43,0.25,0.06,.,0.159436031,.,0.159436031,.,.,.,.,.,.,.,.,.,.,.,.,.,.,.,.,.,13.5,13.5,13.5,99.9,99.9,99.9,13.8,13.8,13.83,1987,25,1,1994,308,16.00,-1,2,.,2,.,.,.,.,.,.,.,.,0.5,0.15,0.65,.,20.9,.,.,.,.,.,.,.,.,.,.,.,.,20.9,.,.,.,.,.,.,55.5,21,21.6,-0.18,-0.18,-0.89,0.22,.,0.168436452,.,0.168436452,.,.,.,.,.,.,.,.,.,.,.,.,.,.,.,.,.,13.5,13.5,13.5,99.9,99.9,99.9,13.8,13.8,13.82,233,35,1,1994,308,17.00,2,1,.,1,.,.,.,.,.,.,.,.,0.76,0.15,0.91,.,23.6,.,.,.,.,.,.,.,.,.,.,.,.,23.6,.,.,.,.,.,.,44.6,23.5,26.1,0.13,0.22,0.22,0.06,.,0.133720542,.,0.133720542,.,.,.,.,.,.,.,.,.,.,.,.,.,.,.,.,.,13.5,14.7,14.1,99.9,99.4,99.65,13.8,15.1,14.452,369,35,1,1994,308,17.00,0,2,.,2,.,.,.,.,.,.,.,.,0.84,0.15,0.99,.,23.6,.,.,.,.,.,.,.,.,.,.,.,.,23.6,.,.,.,.,.,.,44.6,23.5,26.7,0.23,0.38,0.32,0.07,.,0.133720542,.,0.133720542,.,.,.,.,.,.,.,.,.,.,.,.,.,.,.,.,.,13.5,14.7,14.1,99.9,99.4,99.65,13.8,15.1,14.451,347,35,0,1994,311,8.00,-1,2,.,3,.,.,.,.,.,.,.,.,1.04,0.15,1.19,.,21.6,.,.,.,.,.,.,.,.,.,.,.,.,21.6,.,.,.,.,.,.,26.9,21.1,26,0.05,0.12,0.03,0.05,.,0.159436031,.,0.159436031,.,.,.,.,.,.,.,.,.,.,.,.,.,.,.,.,.,10,3.6,6.8,46.6,77,61.8,10,3.7,6.851,471,45,0,1994,311,8.00,0,2,.,2,.,.,.,.,.,.,.,.,0.72,0.15,0.87,.,21.6,.,.,.,.,.,.,.,.,.,.,.,.,21.6,.,.,.,.,.,.,26.9,21.3,23.7,-0.08,-0.08,-0.43,0.09,.,0.159436031,.,0.159436031,.,.,.,.,.,.,.,.,.,.,.,.,.,.,.,.,.,10,3.6,6.8,46.6,77,61.8,10,3.7,6.852,370,35,1,1994,311,8.00,0,2,.,2,.,.,.,.,.,.,.,.,0.84,0.15,0.99,.,22.8,.,.,.,.,.,.,.,.,.,.,.,.,22.8,.,.,.,.,.,.,25.8,22.3,25.6,0,0,0.02,0.05,.,0.144006738,.,0.144006738,.,.,.,.,.,.,.,.,.,.,.,.,.,.,.,.,.,10,3.6,6.8,46.6,77,61.8,10,3.7,6.852,749,55,0,1994,311,8.00,1,2,.,2,.,.,.,.,.,.,.,.,0.62,0.15,0.77,.,22.8,.,.,.,.,.,.,.,.,.,.,.,.,22.8,.,.,.,.,.,.,25.8,22.5,24.1,-0.06,-0.06,-0.32,0.07,.,0.144006738,.,0.144006738,.,.,.,.,.,.,.,.,.,.,.,.,.,.,.,.,.,10,3.6,6.8,46.6,77,61.8,9.9,3.7,6.83,325,35,0,1994,311,8.00,-2,1,.,3,.,.,.,.,.,.,.,.,0.96,0.15,1.11,.,20.2,.,.,.,.,.,.,.,.,.,.,.,.,20.2,.,.,.,.,.,.,41.8,20.1,24.3,-0.04,-0.04,-0.28,0.07,.,0.177436873,.,0.177436873,.,.,.,.,.,.,.,.,.,.,.,.,.,.,.,.,.,10,3.6,6.8,46.6,77,61.8,10,3.7,6.853,945,25,1,1994,311,8.00,-1,2,.,3,.,.,.,.,.,.,.,.,0.67,0.15,0.82,.,18.8,.,.,.,.,.,.,.,.,.,.,.,.,18.8,.,.,.,.,.,.,38.7,18.7,20.8,-0.24,-0.24,-1.13,0.32,.,0.195437716,.,0.195437716,.,.,.,.,.,.,.,.,.,.,.,.,.,.,.,.,.,10,3.6,6.8,46.6,77,61.8,9.9,3.7,6.83,1473,45,1,1994,311,8.00,0,2,.,2,.,.,.,.,.,.,.,.,1,0.15,1.15,.,18.5,.,.,.,.,.,.,.,.,.,.,.,.,18.5,.,.,.,.,.,.,42.4,18.4,23.1,-0.1,-0.1,-0.57,0.12,.,0.199295039,.,0.199295039,.,.,.,.,.,.,.,.,.,.,.,.,.,.,.,.,.,10,3.6,6.8,46.6,77,61.8,10,3.7,6.853,1731,45,1,1994,311,8.00,-1,2,.,3,.,.,.,.,.,.,.,.,0.63,0.15,0.78,.,20.6,.,.,.,.,.,.,.,.,.,.,.,.,20.6,.,.,.,.,.,.,32.4,20.4,22.1,-0.16,-0.16,-0.81,0.19,.,0.172293776,.,0.172293776,.,.,.,.,.,.,.,.,.,.,.,.,.,.,.,.,.,10,3.6,6.8,46.6,77,61.8,9.9,3.7,6.81,273,45,1,1994,311,9.00,0,2,.,2,.,.,.,.,.,.,.,.,0.61,0.15,0.76,.,22,.,.,.,.,.,.,.,.,.,.,.,.,22,.,.,.,.,.,.,26.4,21.7,23.2,-0.1,-0.1,-0.54,0.11,.,0.154292933,.,0.154292933,.,.,.,.,.,.,.,.,.,.,.,.,.,.,.,.,.,10,4.4,7.2,46.6,74.8,60.7,9.9,4.5,7.21,543,35,0,1994,311,9.00,0,2,.,2,.,.,.,.,.,.,.,.,0.62,0.15,0.77,.,22,.,.,.,.,.,.,.,.,.,.,.,.,22,.,.,.,.,.,.,26.4,21.7,23.3,-0.1,-0.1,-0.52,0.11,.,0.154292933,.,0.154292933,.,.,.,.,.,.,.,.,.,.,.,.,.,.,.,.,.,10,4.4,7.2,46.6,74.8,60.7,9.9,4.5,7.24,19,35,1,1994,311,9.00,2,1,.,1,.,.,.,.,.,.,.,.,0.63,0.15,0.78,.,22.7,.,.,.,.,.,.,.,.,.,.,.,.,22.7,.,.,.,.,.,.,23.1,22.4,24,-0.06,-0.06,-0.34,0.07,.,0.145292512,.,0.145292512,.,.,.,.,.,.,.,.,.,.,.,.,.,.,.,.,.,10,4.4,7.2,46.6,74.8,60.7,9.9,4.5,7.21,26,45,0,1994,311,13.00,0,2,.,2,.,.,.,.,.,.,.,.,0.84,0.15,0.99,.,22.7,.,.,.,.,.,.,.,.,.,.,.,.,22.7,.,.,.,.,.,.,24.9,22.2,25.5,0,0,-0.01,0.05,.,0.145292512,.,0.145292512,.,.,.,.,.,.,.,.,.,.,.,.,.,.,.,.,.,10,9.4,9.7,46.6,51.9,49.25,10,9.4,9.71,89,45,0,1994,311,13.00,0,2,.,2,.,.,.,.,.,.,.,.,1.04,0.15,1.19,.,22.7,.,.,.,.,.,.,.,.,.,.,.,.,22.7,.,.,.,.,.,.,24.9,22,26.8,0.23,0.37,0.23,0.06,.,0.145292512,.,0.145292512,.,.,.,.,.,.,.,.,.,.,.,.,.,.,.,.,.,10,9.4,9.7,46.6,51.9,49.25,10,9.4,9.71,139,35,0,1994,311,13.00,0,2,.,2,.,.,.,.,.,.,.,.,0.62,0.15,0.77,.,22.7,.,.,.,.,.,.,.,.,.,.,.,.,22.7,.,.,.,.,.,.,24.9,22.4,24,-0.06,-0.06,-0.35,0.08,.,0.145292512,.,0.145292512,.,.,.,.,.,.,.,.,.,.,.,.,.,.,.,.,.,10,9.4,9.7,46.6,51.9,49.25,9.9,9.4,9.651,544,35,0,1994,311,13.00,1,2,.,1,.,.,.,.,.,.,.,.,0.62,0.15,0.77,.,22.7,.,.,.,.,.,.,.,.,.,.,.,.,22.7,.,.,.,.,.,.,24.9,22.4,24,-0.06,-0.06,-0.35,0.08,.,0.145292512,.,0.145292512,.,.,.,.,.,.,.,.,.,.,.,.,.,.,.,.,.,10,9.4,9.7,46.6,51.9,49.25,9.9,9.4,9.652,85,25,1,1994,311,13.00,0,2,.,2,.,.,.,.,.,.,.,.,0.41,0.15,0.56,.,23.2,.,.,.,.,.,.,.,.,.,.,.,.,23.2,.,.,.,.,.,.,23.6,22.9,22.7,-0.12,-0.12,-0.64,0.14,.,0.13886364,.,0.13886364,.,.,.,.,.,.,.,.,.,.,.,.,.,.,.,.,.,10,9.4,9.7,46.6,51.9,49.25,9.9,9.4,9.652,371,35,1,1994,311,13.00,0,2,.,2,.,.,.,.,.,.,.,.,0.84,0.15,0.99,.,23.2,.,.,.,.,.,.,.,.,.,.,.,.,23.2,.,.,.,.,.,.,23.6,22.6,25.9,0.07,0.13,0.1,0.05,.,0.13886364,.,0.13886364,.,.,.,.,.,.,.,.,.,.,.,.,.,.,.,.,.,10,9.4,9.7,46.6,51.9,49.25,10,9.4,9.72,596,45,0,1994,311,13.00,1,2,.,1,.,.,.,.,.,.,.,.,0.8,0.15,0.95,.,23.2,.,.,.,.,.,.,.,.,.,.,.,.,23.2,.,.,.,.,.,.,23.6,22.7,25.6,0.01,0.06,0.04,0.05,.,0.13886364,.,0.13886364,.,.,.,.,.,.,.,.,.,.,.,.,.,.,.,.,.,10,9.4,9.7,46.6,51.9,49.25,10,9.4,9.72,750,55,0,1994,311,13.00,0,2,.,2,.,.,.,.,.,.,.,.,0.62,0.15,0.77,.,23.2,.,.,.,.,.,.,.,.,.,.,.,.,23.2,.,.,.,.,.,.,23.6,22.9,24.4,-0.04,-0.04,-0.23,0.06,.,0.13886364,.,0.13886364,.,.,.,.,.,.,.,.,.,.,.,.,.,.,.,.,.,10,9.4,9.7,46.6,51.9,49.25,9.9,9.4,9.653,26,35,0,1994,311,13.00,0,2,.,2,.,.,.,.,.,.,.,.,0.62,0.15,0.77,.,24.8,.,.,.,.,.,.,.,.,.,.,.,.,24.8,.,.,.,.,.,.,26.1,24.2,25.8,0.09,0.13,0.19,0.06,.,0.118291249,.,0.118291249,.,.,.,.,.,.,.,.,.,.,.,.,.,.,.,.,.,10,9.4,9.7,46.6,51.9,49.25,9.9,9.4,9.653,170,.,.,1994,311,13.00,2,1,.,2,.,.,.,.,.,.,.,.,0.67,0.15,0.82,.,22.7,.,.,.,.,.,.,.,.,.,.,.,.,22.7,.,.,.,.,.,.,27.3,22.4,24.4,-0.04,-0.04,-0.25,0.06,.,0.145292512,.,0.145292512,.,.,.,.,.,.,.,.,.,.,.,.,.,.,.,.,.,10,9.4,9.7,46.6,51.9,49.25,9.9,9.4,9.653,326,35,0,1994,311,13.00,2,1,.,1,.,.,.,.,.,.,.,.,0.28,0.15,0.43,.,24.5,.,.,.,.,.,.,.,.,.,.,.,.,24.5,.,.,.,.,.,.,29.4,24.2,23,-0.11,-0.11,-0.51,0.1,.,0.122148572,.,0.122148572,.,.,.,.,.,.,.,.,.,.,.,.,.,.,.,.,.,10,9.4,9.7,46.6,51.9,49.25,9.9,9.4,9.653,665,35,0,1994,311,13.00,0,2,.,2,.,.,.,.,.,.,.,.,0.7,0.15,0.85,.,22.3,.,.,.,.,.,.,.,.,.,.,.,.,22.3,.,.,.,.,.,.,31.5,22.1,24.3,-0.05,-0.05,-0.27,0.06,.,0.15043561,.,0.15043561,.,.,.,.,.,.,.,.,.,.,.,.,.,.,.,.,.,10,9.4,9.7,46.6,51.9,49.25,9.9,9.4,9.653,946,25,1,1994,311,13.00,1,2,.,1,.,.,.,.,.,.,.,.,0.67,0.15,0.82,.,24.8,.,.,.,.,.,.,.,.,.,.,.,.,24.8,.,.,.,.,.,.,26.1,24.2,26.1,0.16,0.22,0.26,0.06,.,0.118291249,.,0.118291249,.,.,.,.,.,.,.,.,.,.,.,.,.,.,.,.,.,10,9.4,9.7,46.6,51.9,49.25,9.9,9.4,9.653,1017,25,0,1994,311,13.00,1,2,.,1,.,.,.,.,.,.,.,.,0.62,0.15,0.77,.,24.5,.,.,.,.,.,.,.,.,.,.,.,.,24.5,.,.,.,.,.,.,29.4,24,25.6,0.03,0.08,0.13,0.05,.,0.122148572,.,0.122148572,.,.,.,.,.,.,.,.,.,.,.,.,.,.,.,.,.,10,9.4,9.7,46.6,51.9,49.25,9.9,9.4,9.653,1123,.,.,1994,311,13.00,-1,2,.,3,.,.,.,.,.,.,.,.,1.06,0.15,1.21,.,22.3,.,.,.,.,.,.,.,.,.,.,.,.,22.3,.,.,.,.,.,.,34.8,21.9,26.8,0.22,0.38,0.24,0.06,.,0.15043561,.,0.15043561,.,.,.,.,.,.,.,.,.,.,.,.,.,.,.,.,.,10,9.4,9.7,46.6,51.9,49.25,10,9.4,9.73,1272,25,1,1994,311,13.00,-1,2,.,3,.,.,.,.,.,.,.,.,0.65,0.15,0.8,.,22.3,.,.,.,.,.,.,.,.,.,.,.,.,22.3,.,.,.,.,.,.,34.8,22.1,23.9,-0.06,-0.06,-0.34,0.07,.,0.15043561,.,0.15043561,.,.,.,.,.,.,.,.,.,.,.,.,.,.,.,.,.,10,9.4,9.7,46.6,51.9,49.25,9.9,9.4,9.653,1732,45,1,1994,311,13.00,0,2,.,2,.,.,.,.,.,.,.,.,0.63,0.15,0.78,.,22.7,.,.,.,.,.,.,.,.,.,.,.,.,22.7,.,.,.,.,.,.,27.3,22.4,24.1,-0.06,-0.06,-0.32,0.07,.,0.145292512,.,0.145292512,.,.,.,.,.,.,.,.,.,.,.,.,.,.,.,.,.,10,9.4,9.7,46.6,51.9,49.25,9.9,9.4,9.653,1784,25,1,1994,311,13.00,2,1,.,2,.,.,.,.,.,.,.,.,0.8,0.15,0.95,.,23.8,.,.,.,.,.,.,.,.,.,.,.,.,23.8,.,.,.,.,.,.,25.4,23.2,26.1,0.14,0.21,0.18,0.06,.,0.131148993,.,0.131148993,.,.,.,.,.,.,.,.,.,.,.,.,.,.,.,.,.,10,9.4,9.7,46.6,51.9,49.25,10,9.4,9.73,1840,65,0,1994,311,13.00,2,1,.,1,.,.,.,.,.,.,.,.,0.64,0.15,0.79,.,22.3,.,.,.,.,.,.,.,.,.,.,.,.,22.3,.,.,.,.,.,.,34.8,22.1,23.8,-0.07,-0.07,-0.35,0.08,.,0.15043561,.,0.15043561,.,.,.,.,.,.,.,.,.,.,.,.,.,.,.,.,.,10,9.4,9.7,46.6,51.9,49.25,9.9,9.4,9.652,550,35,0,1994,311,14.00,-1,2,.,3,.,.,.,.,.,.,.,.,0.59,0.15,0.74,.,23.2,.,.,.,.,.,.,.,.,.,.,.,.,23.2,.,.,.,.,.,.,23.1,22.9,24.2,-0.05,-0.05,-0.29,0.07,.,0.13886364,.,0.13886364,.,.,.,.,.,.,.,.,.,.,.,.,.,.,.,.,.,10,10.1,10.05,46.6,48,47.3,9.9,10.1,103,1910,.,.,1994,311,14.00,1,2,.,2,.,.,.,.,.,.,.,.,0.87,0.15,1.02,.,22.7,.,.,.,.,.,.,.,.,.,.,.,.,22.7,.,.,.,.,.,.,27.3,22.2,25.7,0.03,0.08,0.04,0.05,.,0.145292512,.,0.145292512,.,.,.,.,.,.,.,.,.,.,.,.,.,.,.,.,.,10,10.1,10.05,46.6,48,47.3,10,10.1,10.053,1988,25,1,1994,311,15.00,3,1,.,1,.,.,.,.,.,.,.,.,0.58,0.15,0.73,.,23.8,.,.,.,.,.,.,.,.,.,.,.,.,23.8,.,.,.,.,.,.,28.9,23.5,24.7,-0.03,-0.03,-0.11,0.05,.,0.131148993,.,0.131148993,.,.,.,.,.,.,.,.,.,.,.,.,.,.,.,.,.,10,10,10,46.6,46.6,46.6,9.9,9.9,9.91,90,45,0,1994,312,9.00,0,2,.,2,.,.,.,.,.,.,.,.,1.04,0.15,1.19,.,22.7,.,.,.,.,.,.,.,.,.,.,.,.,22.7,.,.,.,.,.,.,29.7,22.1,26.9,0.25,0.41,0.26,0.06,.,0.145292512,.,0.145292512,.,.,.,.,.,.,.,.,.,.,.,.,.,.,.,.,.,12.6,8.4,10.5,64,82.7,73.35,12.7,8.5,10.61,349,35,0,1994,312,9.00,0,2,.,2,.,.,.,.,.,.,.,.,1.04,0.15,1.19,.,22.7,.,.,.,.,.,.,.,.,.,.,.,.,22.7,.,.,.,.,.,.,29.7,22.1,26.9,0.25,0.41,0.26,0.06,.,0.145292512,.,0.145292512,.,.,.,.,.,.,.,.,.,.,.,.,.,.,.,.,.,12.6,8.4,10.5,64,82.7,73.35,12.7,8.5,10.61,395,45,0,1994,312,9.00,0,2,.,2,.,.,.,.,.,.,.,.,0.66,0.15,0.81,.,22.7,.,.,.,.,.,.,.,.,.,.,.,.,22.7,.,.,.,.,.,.,29.7,22.5,24.3,-0.05,-0.05,-0.25,0.06,.,0.145292512,.,0.145292512,.,.,.,.,.,.,.,.,.,.,.,.,.,.,.,.,.,12.6,8.4,10.5,64,82.7,73.35,12.7,8.5,10.61,473,45,0,1994,312,9.00,0,2,.,2,.,.,.,.,.,.,.,.,0.72,0.15,0.87,.,22.7,.,.,.,.,.,.,.,.,.,.,.,.,22.7,.,.,.,.,.,.,29.7,22.5,24.8,-0.03,-0.03,-0.15,0.05,.,0.145292512,.,0.145292512,.,.,.,.,.,.,.,.,.,.,.,.,.,.,.,.,.,12.6,8.4,10.5,64,82.7,73.35,12.7,8.5,10.61,545,35,0,1994,312,9.00,1,2,.,2,.,.,.,.,.,.,.,.,0.62,0.15,0.77,.,22.7,.,.,.,.,.,.,.,.,.,.,.,.,22.7,.,.,.,.,.,.,29.7,22.5,24,-0.06,-0.06,-0.32,0.07,.,0.145292512,.,0.145292512,.,.,.,.,.,.,.,.,.,.,.,.,.,.,.,.,.,12.6,8.4,10.5,64,82.7,73.35,12.7,8.5,10.61,609,35,0,1994,312,9.00,0,2,.,2,.,.,.,.,.,.,.,.,0.49,0.15,0.64,.,22.7,.,.,.,.,.,.,.,.,.,.,.,.,22.7,.,.,.,.,.,.,29.7,22.5,23,-0.11,-0.11,-0.57,0.12,.,0.145292512,.,0.145292512,.,.,.,.,.,.,.,.,.,.,.,.,.,.,.,.,.,12.6,8.4,10.5,64,82.7,73.35,12.7,8.5,10.62,20,35,1,1994,312,9.00,0,2,.,2,.,.,.,.,.,.,.,.,0.62,0.15,0.77,.,23.2,.,.,.,.,.,.,.,.,.,.,.,.,23.2,.,.,.,.,.,.,28,22.9,24.5,-0.04,-0.04,-0.2,0.06,.,0.13886364,.,0.13886364,.,.,.,.,.,.,.,.,.,.,.,.,.,.,.,.,.,12.6,8.4,10.5,64,82.7,73.35,12.7,8.5,10.62,86,25,1,1994,312,9.00,0,2,.,2,.,.,.,.,.,.,.,.,0.36,0.15,0.51,.,23.2,.,.,.,.,.,.,.,.,.,.,.,.,23.2,.,.,.,.,.,.,28,22.9,22.4,-0.14,-0.14,-0.74,0.16,.,0.13886364,.,0.13886364,.,.,.,.,.,.,.,.,.,.,.,.,.,.,.,.,.,12.6,8.4,10.5,64,82.7,73.35,12.7,8.5,10.62,441,55,1,1994,312,9.00,-1,2,.,2,.,.,.,.,.,.,.,.,0.58,0.15,0.73,.,23.2,.,.,.,.,.,.,.,.,.,.,.,.,23.2,.,.,.,.,.,.,28,22.9,24.2,-0.05,-0.05,-0.27,0.07,.,0.13886364,.,0.13886364,.,.,.,.,.,.,.,.,.,.,.,.,.,.,.,.,.,12.6,8.4,10.5,64,82.7,73.35,12.7,8.5,10.62,500,45,1,1994,312,9.00,0,2,.,2,.,.,.,.,.,.,.,.,0.62,0.15,0.77,.,23.2,.,.,.,.,.,.,.,.,.,.,.,.,23.2,.,.,.,.,.,.,28,22.9,24.5,-0.04,-0.04,-0.2,0.06,.,0.13886364,.,0.13886364,.,.,.,.,.,.,.,.,.,.,.,.,.,.,.,.,.,12.6,8.4,10.5,64,82.7,73.35,12.7,8.5,10.62,597,45,0,1994,312,9.00,1,2,.,1,.,.,.,.,.,.,.,.,0.8,0.15,0.95,.,23.2,.,.,.,.,.,.,.,.,.,.,.,.,23.2,.,.,.,.,.,.,28,22.7,25.7,0.03,0.08,0.07,0.05,.,0.13886364,.,0.13886364,.,.,.,.,.,.,.,.,.,.,.,.,.,.,.,.,.,12.6,8.4,10.5,64,82.7,73.35,12.7,8.5,10.63,27,35,0,1994,312,9.00,1,2,.,1,.,.,.,.,.,.,.,.,0.83,0.15,0.98,.,21.6,.,.,.,.,.,.,.,.,.,.,.,.,21.6,.,.,.,.,.,.,32,21.4,24.6,-0.04,-0.04,-0.23,0.06,.,0.159436031,.,0.159436031,.,.,.,.,.,.,.,.,.,.,.,.,.,.,.,.,.,12.6,8.4,10.5,64,82.7,73.35,12.7,8.5,10.63,171,.,.,1994,312,9.00,2,1,.,3,.,.,.,.,.,.,.,.,0.67,0.15,0.82,.,22,.,.,.,.,.,.,.,.,.,.,.,.,22,.,.,.,.,.,.,30.4,21.8,23.7,-0.07,-0.07,-0.4,0.08,.,0.154292933,.,0.154292933,.,.,.,.,.,.,.,.,.,.,.,.,.,.,.,.,.,12.6,8.4,10.5,64,82.7,73.35,12.7,8.5,10.63,603,55,0,1994,312,9.00,0,2,.,2,.,.,.,.,.,.,.,.,0.72,0.15,0.87,.,22.3,.,.,.,.,.,.,.,.,.,.,.,.,22.3,.,.,.,.,.,.,33.5,22.1,24.4,-0.04,-0.04,-0.22,0.06,.,0.15043561,.,0.15043561,.,.,.,.,.,.,.,.,.,.,.,.,.,.,.,.,.,12.6,8.4,10.5,64,82.7,73.35,12.7,8.5,10.63,666,35,0,1994,312,9.00,0,2,.,2,.,.,.,.,.,.,.,.,0.75,0.15,0.9,.,22.3,.,.,.,.,.,.,.,.,.,.,.,.,22.3,.,.,.,.,.,.,33.5,22.1,24.7,-0.03,-0.03,-0.18,0.06,.,0.15043561,.,0.15043561,.,.,.,.,.,.,.,.,.,.,.,.,.,.,.,.,.,12.6,8.4,10.5,64,82.7,73.35,12.7,8.5,10.63,725,35,0,1994,312,9.00,2,1,.,1,.,.,.,.,.,.,.,.,0.83,0.15,0.98,.,22.3,.,.,.,.,.,.,.,.,.,.,.,.,22.3,.,.,.,.,.,.,33.5,22,25.2,-0.01,-0.01,-0.06,0.05,.,0.15043561,.,0.15043561,.,.,.,.,.,.,.,.,.,.,.,.,.,.,.,.,.,12.6,8.4,10.5,64,82.7,73.35,12.7,8.5,10.63,947,25,1,1994,312,9.00,2,1,.,1,.,.,.,.,.,.,.,.,0.92,0.15,1.07,.,21.6,.,.,.,.,.,.,.,.,.,.,.,.,21.6,.,.,.,.,.,.,32,21.3,25.2,-0.01,-0.01,-0.1,0.05,.,0.159436031,.,0.159436031,.,.,.,.,.,.,.,.,.,.,.,.,.,.,.,.,.,12.6,8.4,10.5,64,82.7,73.35,12.7,8.5,10.63,1214,35,0,1994,312,9.00,0,2,.,2,.,.,.,.,.,.,.,.,0.3,0.15,0.45,.,22.3,.,.,.,.,.,.,.,.,.,.,.,.,22.3,.,.,.,.,.,.,33.8,22.1,21,-0.23,-0.23,-1.13,0.32,.,0.15043561,.,0.15043561,.,.,.,.,.,.,.,.,.,.,.,.,.,.,.,.,.,12.6,8.4,10.5,64,82.7,73.35,12.7,8.5,10.63,1340,25,1,1994,312,9.00,1,2,.,2,.,.,.,.,.,.,.,.,1.02,0.15,1.17,.,22.3,.,.,.,.,.,.,.,.,.,.,.,.,22.3,.,.,.,.,.,.,33.8,21.9,26.5,0.18,0.3,0.18,0.06,.,0.15043561,.,0.15043561,.,.,.,.,.,.,.,.,.,.,.,.,.,.,.,.,.,12.6,8.4,10.5,64,82.7,73.35,12.7,8.5,10.63,1423,45,0,1994,312,9.00,0,2,.,2,.,.,.,.,.,.,.,.,1.14,0.15,1.29,.,21.6,.,.,.,.,.,.,.,.,.,.,.,.,21.6,.,.,.,.,.,.,32,21.2,26.7,0.19,0.34,0.17,0.06,.,0.159436031,.,0.159436031,.,.,.,.,.,.,.,.,.,.,.,.,.,.,.,.,.,12.6,8.4,10.5,64,82.7,73.35,12.7,8.5,10.63,1475,45,1,1994,312,9.00,1,2,.,2,.,.,.,.,.,.,.,.,0.72,0.15,0.87,.,22.3,.,.,.,.,.,.,.,.,.,.,.,.,22.3,.,.,.,.,.,.,33.8,22.1,24.4,-0.04,-0.04,-0.22,0.06,.,0.15043561,.,0.15043561,.,.,.,.,.,.,.,.,.,.,.,.,.,.,.,.,.,12.6,8.4,10.5,64,82.7,73.35,12.7,8.5,10.63,1644,25,1,1994,312,9.00,1,2,.,2,.,.,.,.,.,.,.,.,0.97,0.15,1.12,.,22,.,.,.,.,.,.,.,.,.,.,.,.,22,.,.,.,.,.,.,30.4,21.6,25.9,0.04,0.11,0.04,0.05,.,0.154292933,.,0.154292933,.,.,.,.,.,.,.,.,.,.,.,.,.,.,.,.,.,12.6,8.4,10.5,64,82.7,73.35,12.7,8.5,10.63,1733,45,1,1994,312,9.00,0,2,.,2,.,.,.,.,.,.,.,.,0.5,0.15,0.65,.,22,.,.,.,.,.,.,.,.,.,.,.,.,22,.,.,.,.,.,.,30.4,21.8,22.4,-0.14,-0.14,-0.74,0.17,.,0.154292933,.,0.154292933,.,.,.,.,.,.,.,.,.,.,.,.,.,.,.,.,.,12.6,8.4,10.5,64,82.7,73.35,12.7,8.5,10.63,1785,25,1,1994,312,9.00,-1,2,.,3,.,.,.,.,.,.,.,.,1.09,0.15,1.24,.,23.8,.,.,.,.,.,.,.,.,.,.,.,.,23.8,.,.,.,.,.,.,29,23,28.1,0.46,0.73,0.53,0.11,.,0.131148993,.,0.131148993,.,.,.,.,.,.,.,.,.,.,.,.,.,.,.,.,.,12.6,8.4,10.5,64,82.7,73.35,12.7,8.5,10.64,21,35,1,1994,312,9.00,0,2,.,2,.,.,.,.,.,.,.,.,0.72,0.15,0.87,.,22.3,.,.,.,.,.,.,.,.,.,.,.,.,22.3,.,.,.,.,.,.,29.1,22.1,24.4,-0.04,-0.04,-0.25,0.06,.,0.15043561,.,0.15043561,.,.,.,.,.,.,.,.,.,.,.,.,.,.,.,.,.,12.6,8.4,10.5,64,82.7,73.35,12.7,8.5,10.61,140,35,0,1994,312,10.00,0,2,.,2,.,.,.,.,.,.,.,.,0.96,0.15,1.11,.,22.7,.,.,.,.,.,.,.,.,.,.,.,.,22.7,.,.,.,.,.,.,29.7,22.2,26.4,0.16,0.27,0.17,0.06,.,0.145292512,.,0.145292512,.,.,.,.,.,.,.,.,.,.,.,.,.,.,.,.,.,12.6,9.9,11.25,64,72.2,68.1,12.7,10,11.352,751,55,0,1994,312,10.00,0,2,.,2,.,.,.,.,.,.,.,.,0.62,0.15,0.77,.,23.2,.,.,.,.,.,.,.,.,.,.,.,.,23.2,.,.,.,.,.,.,28,22.9,24.5,-0.04,-0.04,-0.2,0.06,.,0.13886364,.,0.13886364,.,.,.,.,.,.,.,.,.,.,.,.,.,.,.,.,.,12.6,9.9,11.25,64,72.2,68.1,12.7,10,11.353,1273,25,1,1994,312,10.00,0,2,.,3,.,.,.,.,.,.,.,.,1.38,0.15,1.53,.,22.7,.,.,.,.,.,.,.,.,.,.,.,.,22.7,.,.,.,.,.,.,32.8,22,29.1,0.56,1.02,0.6,0.12,.,0.145292512,.,0.145292512,.,.,.,.,.,.,.,.,.,.,.,.,.,.,.,.,.,12.6,9.9,11.25,64,72.2,68.1,12.7,10,11.353,1989,25,1,1994,312,10.00,-1,2,.,3,.,.,.,.,.,.,.,.,0.42,0.15,0.57,.,22.3,.,.,.,.,.,.,.,.,.,.,.,.,22.3,.,.,.,.,.,.,30.8,22.1,22,-0.16,-0.16,-0.84,0.2,.,0.15043561,.,0.15043561,.,.,.,.,.,.,.,.,.,.,.,.,.,.,.,.,.,12.6,9.9,11.25,64,72.2,68.1,12.7,10,11.351,28,45,0,1994,312,14.00,1,2,.,1,.,.,.,.,.,.,.,.,1.14,0.15,1.29,.,23,.,.,.,.,.,.,.,.,.,.,.,.,23,.,.,.,.,.,.,30.2,22.3,27.8,0.39,0.64,0.42,0.09,.,0.141435189,.,0.141435189,.,.,.,.,.,.,.,.,.,.,.,.,.,.,.,.,.,12.6,12.2,12.4,64,64.8,64.4,12.7,12.3,12.51,91,45,0,1994,312,14.00,0,2,.,2,.,.,.,.,.,.,.,.,1.04,0.15,1.19,.,23,.,.,.,.,.,.,.,.,.,.,.,.,23,.,.,.,.,.,.,30.2,22.4,27.2,0.3,0.47,0.32,0.07,.,0.141435189,.,0.141435189,.,.,.,.,.,.,.,.,.,.,.,.,.,.,.,.,.,12.6,12.2,12.4,64,64.8,64.4,12.7,12.3,12.51,141,35,0,1994,312,14.00,0,2,.,2,.,.,.,.,.,.,.,.,0.96,0.15,1.11,.,23,.,.,.,.,.,.,.,.,.,.,.,.,23,.,.,.,.,.,.,30.2,22.5,26.6,0.21,0.34,0.24,0.06,.,0.141435189,.,0.141435189,.,.,.,.,.,.,.,.,.,.,.,.,.,.,.,.,.,12.6,12.2,12.4,64,64.8,64.4,12.7,12.3,12.51,275,45,1,1994,312,14.00,0,2,.,2,.,.,.,.,.,.,.,.,0.48,0.15,0.63,.,23,.,.,.,.,.,.,.,.,.,.,.,.,23,.,.,.,.,.,.,30.2,22.8,23.2,-0.1,-0.1,-0.51,0.1,.,0.141435189,.,0.141435189,.,.,.,.,.,.,.,.,.,.,.,.,.,.,.,.,.,12.6,12.2,12.4,64,64.8,64.4,12.7,12.3,12.51,350,35,0,1994,312,14.00,0,2,.,2,.,.,.,.,.,.,.,.,0.7,0.15,0.85,.,23,.,.,.,.,.,.,.,.,.,.,.,.,23,.,.,.,.,.,.,30.2,22.8,24.9,-0.02,-0.02,-0.11,0.05,.,0.141435189,.,0.141435189,.,.,.,.,.,.,.,.,.,.,.,.,.,.,.,.,.,12.6,12.2,12.4,64,64.8,64.4,12.7,12.3,12.51,396,45,0,1994,312,14.00,0,2,.,2,.,.,.,.,.,.,.,.,0.66,0.15,0.81,.,23,.,.,.,.,.,.,.,.,.,.,.,.,23,.,.,.,.,.,.,30.2,22.8,24.6,-0.03,-0.03,-0.18,0.06,.,0.141435189,.,0.141435189,.,.,.,.,.,.,.,.,.,.,.,.,.,.,.,.,.,12.6,12.2,12.4,64,64.8,64.4,12.7,12.3,12.51,474,45,0,1994,312,14.00,0,2,.,2,.,.,.,.,.,.,.,.,0.72,0.15,0.87,.,23,.,.,.,.,.,.,.,.,.,.,.,.,23,.,.,.,.,.,.,30.2,22.7,25,-0.01,-0.01,-0.08,0.05,.,0.141435189,.,0.141435189,.,.,.,.,.,.,.,.,.,.,.,.,.,.,.,.,.,12.6,12.2,12.4,64,64.8,64.4,12.7,12.3,12.51,546,35,0,1994,312,14.00,1,2,.,1,.,.,.,.,.,.,.,.,0.62,0.15,0.77,.,23,.,.,.,.,.,.,.,.,.,.,.,.,23,.,.,.,.,.,.,30.2,22.8,24.3,-0.05,-0.05,-0.24,0.06,.,0.141435189,.,0.141435189,.,.,.,.,.,.,.,.,.,.,.,.,.,.,.,.,.,12.6,12.2,12.4,64,64.8,64.4,12.7,12.3,12.51,610,35,0,1994,312,14.00,0,2,.,2,.,.,.,.,.,.,.,.,0.49,0.15,0.64,.,23,.,.,.,.,.,.,.,.,.,.,.,.,23,.,.,.,.,.,.,30.2,22.8,23.3,-0.09,-0.09,-0.49,0.1,.,0.141435189,.,0.141435189,.,.,.,.,.,.,.,.,.,.,.,.,.,.,.,.,.,12.6,12.2,12.4,64,64.8,64.4,12.7,12.3,12.52,87,25,1,1994,312,14.00,0,2,.,2,.,.,.,.,.,.,.,.,0.46,0.15,0.61,.,23.2,.,.,.,.,.,.,.,.,.,.,.,.,23.2,.,.,.,.,.,.,29.3,22.9,23.2,-0.1,-0.1,-0.5,0.1,.,0.13886364,.,0.13886364,.,.,.,.,.,.,.,.,.,.,.,.,.,.,.,.,.,12.6,12.2,12.4,64,64.8,64.4,12.7,12.3,12.52,552,35,0,1994,312,14.00,-2,1,.,3,.,.,.,.,.,.,.,.,1.4,0.15,1.55,.,23.2,.,.,.,.,.,.,.,.,.,.,.,.,23.2,.,.,.,.,.,.,29.3,22.3,29.4,0.62,1.12,0.67,0.15,.,0.13886364,.,0.13886364,.,.,.,.,.,.,.,.,.,.,.,.,.,.,.,.,.,12.6,12.2,12.4,64,64.8,64.4,12.7,12.3,12.53,281,45,0,1994,312,14.00,-1,2,.,3,.,.,.,.,.,.,.,.,0.62,0.15,0.77,.,22.3,.,.,.,.,.,.,.,.,.,.,.,.,22.3,.,.,.,.,.,.,31,22.1,23.6,-0.08,-0.08,-0.41,0.09,.,0.15043561,.,0.15043561,.,.,.,.,.,.,.,.,.,.,.,.,.,.,.,.,.,12.6,12.2,12.4,64,64.8,64.4,12.7,12.3,12.53,328,35,0,1994,312,14.00,0,2,.,2,.,.,.,.,.,.,.,.,0.62,0.15,0.77,.,22.3,.,.,.,.,.,.,.,.,.,.,.,.,22.3,.,.,.,.,.,.,34,22.1,23.7,-0.07,-0.07,-0.4,0.08,.,0.15043561,.,0.15043561,.,.,.,.,.,.,.,.,.,.,.,.,.,.,.,.,.,12.6,12.2,12.4,64,64.8,64.4,12.7,12.3,12.53,726,35,0,1994,312,14.00,2,1,.,1,.,.,.,.,.,.,.,.,0.75,0.15,0.9,.,23,.,.,.,.,.,.,.,.,.,.,.,.,23,.,.,.,.,.,.,36.2,22.8,25.3,-0.01,-0.01,0,0.05,.,0.141435189,.,0.141435189,.,.,.,.,.,.,.,.,.,.,.,.,.,.,.,.,.,12.6,12.2,12.4,64,64.8,64.4,12.7,12.3,12.53,1081,35,1,1994,312,14.00,-2,1,.,3,.,.,.,.,.,.,.,.,1.1,0.15,1.25,.,22.3,.,.,.,.,.,.,.,.,.,.,.,.,22.3,.,.,.,.,.,.,31,21.8,27,0.25,0.42,0.25,0.06,.,0.15043561,.,0.15043561,.,.,.,.,.,.,.,.,.,.,.,.,.,.,.,.,.,12.6,12.2,12.4,64,64.8,64.4,12.7,12.3,12.53,1168,45,1,1994,312,14.00,1,2,.,2,.,.,.,.,.,.,.,.,0.89,0.15,1.04,.,23.8,.,.,.,.,.,.,.,.,.,.,.,.,23.8,.,.,.,.,.,.,32.3,23.3,26.9,0.27,0.41,0.34,0.07,.,0.131148993,.,0.131148993,.,.,.,.,.,.,.,.,.,.,.,.,.,.,.,.,.,12.6,12.2,12.4,64,64.8,64.4,12.7,12.3,12.53,1274,25,1,1994,312,14.00,1,2,.,2,.,.,.,.,.,.,.,.,1.04,0.15,1.19,.,23.8,.,.,.,.,.,.,.,.,.,.,.,.,23.8,.,.,.,.,.,.,32.3,23.2,27.8,0.42,0.67,0.5,0.1,.,0.131148993,.,0.131148993,.,.,.,.,.,.,.,.,.,.,.,.,.,.,.,.,.,12.6,12.2,12.4,64,64.8,64.4,12.7,12.3,12.53,1424,45,0,1994,312,14.00,0,2,.,2,.,.,.,.,.,.,.,.,1.14,0.15,1.29,.,23,.,.,.,.,.,.,.,.,.,.,.,.,23,.,.,.,.,.,.,33.2,22.4,27.9,0.4,0.67,0.44,0.09,.,0.141435189,.,0.141435189,.,.,.,.,.,.,.,.,.,.,.,.,.,.,.,.,.,12.6,12.2,12.4,64,64.8,64.4,12.7,12.3,12.53,1645,25,1,1994,312,14.00,2,1,.,1,.,.,.,.,.,.,.,.,0.97,0.15,1.12,.,22.3,.,.,.,.,.,.,.,.,.,.,.,.,22.3,.,.,.,.,.,.,31,21.9,26.2,0.1,0.19,0.11,0.05,.,0.15043561,.,0.15043561,.,.,.,.,.,.,.,.,.,.,.,.,.,.,.,.,.,12.6,12.2,12.4,64,64.8,64.4,12.7,12.3,12.53,1734,45,1,1994,312,14.00,0,2,.,2,.,.,.,.,.,.,.,.,0.5,0.15,0.65,.,22.3,.,.,.,.,.,.,.,.,.,.,.,.,22.3,.,.,.,.,.,.,31,22.1,22.7,-0.12,-0.12,-0.65,0.14,.,0.15043561,.,0.15043561,.,.,.,.,.,.,.,.,.,.,.,.,.,.,.,.,.,12.6,12.2,12.4,64,64.8,64.4,12.7,12.3,12.52,302,45,1,1994,312,15.00,0,2,.,2,.,.,.,.,.,.,.,.,0.58,0.15,0.73,.,23.2,.,.,.,.,.,.,.,.,.,.,.,.,23.2,.,.,.,.,.,.,29.6,23,24.2,-0.05,-0.05,-0.26,0.06,.,0.13886364,.,0.13886364,.,.,.,.,.,.,.,.,.,.,.,.,.,.,.,.,.,12.6,12.6,12.6,64,64,64,12.7,12.7,12.72,501,45,1,1994,312,15.00,0,2,.,2,.,.,.,.,.,.,.,.,0.62,0.15,0.77,.,23.2,.,.,.,.,.,.,.,.,.,.,.,.,23.2,.,.,.,.,.,.,29.6,23,24.5,-0.04,-0.04,-0.19,0.06,.,0.13886364,.,0.13886364,.,.,.,.,.,.,.,.,.,.,.,.,.,.,.,.,.,12.6,12.6,12.6,64,64,64,12.7,12.7,12.72,679,45,0,1994,312,15.00,0,2,.,2,.,.,.,.,.,.,.,.,0.64,0.15,0.79,.,23.2,.,.,.,.,.,.,.,.,.,.,.,.,23.2,.,.,.,.,.,.,29.6,23,24.6,-0.03,-0.03,-0.16,0.06,.,0.13886364,.,0.13886364,.,.,.,.,.,.,.,.,.,.,.,.,.,.,.,.,.,12.6,12.6,12.6,64,64,64,12.7,12.7,12.72,752,55,0,1994,312,15.00,0,2,.,2,.,.,.,.,.,.,.,.,0.62,0.15,0.77,.,23.2,.,.,.,.,.,.,.,.,.,.,.,.,23.2,.,.,.,.,.,.,29.6,23,24.5,-0.04,-0.04,-0.19,0.06,.,0.13886364,.,0.13886364,.,.,.,.,.,.,.,.,.,.,.,.,.,.,.,.,.,12.6,12.6,12.6,64,64,64,12.7,12.7,12.73,803,25,1,1994,312,15.00,0,2,.,2,.,.,.,.,.,.,.,.,1,0.15,1.15,.,23,.,.,.,.,.,.,.,.,.,.,.,.,23,.,.,.,.,.,.,33.8,22.5,27,0.27,0.44,0.31,0.07,.,0.141435189,.,0.141435189,.,.,.,.,.,.,.,.,.,.,.,.,.,.,.,.,.,12.6,12.6,12.6,64,64,64,12.7,12.7,12.73,1019,25,0,1994,312,15.00,0,2,.,2,.,.,.,.,.,.,.,.,0.62,0.15,0.77,.,22.3,.,.,.,.,.,.,.,.,.,.,.,.,22.3,.,.,.,.,.,.,35,22.1,23.7,-0.07,-0.07,-0.39,0.08,.,0.15043561,.,0.15043561,.,.,.,.,.,.,.,.,.,.,.,.,.,.,.,.,.,12.6,12.6,12.6,64,64,64,12.7,12.7,12.73,1786,25,1,1994,312,15.00,2,1,.,1,.,.,.,.,.,.,.,.,1.09,0.15,1.24,.,25.2,.,.,.,.,.,.,.,.,.,.,.,.,25.2,.,.,.,.,.,.,28.1,24.2,29.1,0.66,1.03,0.8,0.18,.,0.113148151,.,0.113148151,.,.,.,.,.,.,.,.,.,.,.,.,.,.,.,.,.,12.6,12.6,12.6,64,64,64,12.7,12.7,12.73,1990,25,1,1994,312,15.00,-1,2,.,2,.,.,.,.,.,.,.,.,0.42,0.15,0.57,.,22.3,.,.,.,.,.,.,.,.,.,.,.,.,22.3,.,.,.,.,.,.,35,22.1,22.1,-0.16,-0.16,-0.81,0.19,.,0.15043561,.,0.15043561,.,.,.,.,.,.,.,.,.,.,.,.,.,.,.,.,.,12.6,12.6,12.6,64,64,64,12.7,12.7,12.71,29,45,0,1994,313,10.00,0,2,.,2,.,.,.,.,.,.,.,.,1.06,0.15,1.21,.,23,.,.,.,.,.,.,.,.,.,.,.,.,23,.,.,.,.,.,.,30.2,22.4,27.3,0.32,0.51,0.35,0.07,.,0.141435189,.,0.141435189,.,.,.,.,.,.,.,.,.,.,.,.,.,.,.,.,.,9.4,9.6,9.5,45.1,59.5,52.3,9.3,9.6,9.451,92,45,0,1994,313,10.00,0,2,.,2,.,.,.,.,.,.,.,.,1.04,0.15,1.19,.,23,.,.,.,.,.,.,.,.,.,.,.,.,23,.,.,.,.,.,.,30.2,22.4,27.2,0.3,0.47,0.32,0.07,.,0.141435189,.,0.141435189,.,.,.,.,.,.,.,.,.,.,.,.,.,.,.,.,.,9.4,9.6,9.5,45.1,59.5,52.3,9.3,9.6,9.451,276,45,1,1994,313,10.00,3,1,.,1,.,.,.,.,.,.,.,.,0.74,0.15,0.89,.,23,.,.,.,.,.,.,.,.,.,.,.,.,23,.,.,.,.,.,.,30.2,22.7,25.2,-0.01,-0.01,-0.05,0.05,.,0.141435189,.,0.141435189,.,.,.,.,.,.,.,.,.,.,.,.,.,.,.,.,.,9.4,9.6,9.5,45.1,59.5,52.3,9.3,9.6,9.451,351,35,0,1994,313,10.00,-1,2,.,2,.,.,.,.,.,.,.,.,1.04,0.15,1.19,.,23,.,.,.,.,.,.,.,.,.,.,.,.,23,.,.,.,.,.,.,30.2,22.4,27.2,0.3,0.47,0.32,0.07,.,0.141435189,.,0.141435189,.,.,.,.,.,.,.,.,.,.,.,.,.,.,.,.,.,9.4,9.6,9.5,45.1,59.5,52.3,9.3,9.6,9.451,475,45,0,1994,313,10.00,-1,2,.,3,.,.,.,.,.,.,.,.,1.06,0.15,1.21,.,23,.,.,.,.,.,.,.,.,.,.,.,.,23,.,.,.,.,.,.,30.2,22.4,27.3,0.32,0.51,0.35,0.07,.,0.141435189,.,0.141435189,.,.,.,.,.,.,.,.,.,.,.,.,.,.,.,.,.,9.4,9.6,9.5,45.1,59.5,52.3,9.3,9.6,9.451,547,35,0,1994,313,10.00,0,2,.,2,.,.,.,.,.,.,.,.,0.49,0.15,0.64,.,23,.,.,.,.,.,.,.,.,.,.,.,.,23,.,.,.,.,.,.,30.2,22.8,23.3,-0.09,-0.09,-0.49,0.1,.,0.141435189,.,0.141435189,.,.,.,.,.,.,.,.,.,.,.,.,.,.,.,.,.,9.4,9.6,9.5,45.1,59.5,52.3,9.3,9.6,9.452,88,25,1,1994,313,10.00,1,2,.,1,.,.,.,.,.,.,.,.,0.41,0.15,0.56,.,23.2,.,.,.,.,.,.,.,.,.,.,.,.,23.2,.,.,.,.,.,.,27.4,22.9,22.8,-0.12,-0.12,-0.62,0.13,.,0.13886364,.,0.13886364,.,.,.,.,.,.,.,.,.,.,.,.,.,.,.,.,.,9.4,9.6,9.5,45.1,59.5,52.3,9.3,9.6,9.452,443,55,1,1994,313,10.00,1,2,.,2,.,.,.,.,.,.,.,.,0.58,0.15,0.73,.,23.2,.,.,.,.,.,.,.,.,.,.,.,.,23.2,.,.,.,.,.,.,27.4,22.9,24.1,-0.05,-0.05,-0.28,0.07,.,0.13886364,.,0.13886364,.,.,.,.,.,.,.,.,.,.,.,.,.,.,.,.,.,9.4,9.6,9.5,45.1,59.5,52.3,9.3,9.6,9.452,502,45,1,1994,313,10.00,0,2,.,2,.,.,.,.,.,.,.,.,0.55,0.15,0.7,.,23.2,.,.,.,.,.,.,.,.,.,.,.,.,23.2,.,.,.,.,.,.,27.4,22.9,23.9,-0.06,-0.06,-0.34,0.07,.,0.13886364,.,0.13886364,.,.,.,.,.,.,.,.,.,.,.,.,.,.,.,.,.,9.4,9.6,9.5,45.1,59.5,52.3,9.3,9.6,9.452,599,45,0,1994,313,10.00,1,2,.,1,.,.,.,.,.,.,.,.,0.95,0.15,1.1,.,23.2,.,.,.,.,.,.,.,.,.,.,.,.,23.2,.,.,.,.,.,.,27.4,22.6,26.7,0.22,0.34,0.25,0.06,.,0.13886364,.,0.13886364,.,.,.,.,.,.,.,.,.,.,.,.,.,.,.,.,.,9.4,9.6,9.5,45.1,59.5,52.3,9.3,9.6,9.452,680,45,0,1994,313,10.00,-1,2,.,3,.,.,.,.,.,.,.,.,0.62,0.15,0.77,.,23.2,.,.,.,.,.,.,.,.,.,.,.,.,23.2,.,.,.,.,.,.,27.4,22.9,24.4,-0.04,-0.04,-0.21,0.06,.,0.13886364,.,0.13886364,.,.,.,.,.,.,.,.,.,.,.,.,.,.,.,.,.,9.4,9.6,9.5,45.1,59.5,52.3,9.3,9.6,9.452,753,55,0,1994,313,10.00,0,2,.,2,.,.,.,.,.,.,.,.,0.62,0.15,0.77,.,23.2,.,.,.,.,.,.,.,.,.,.,.,.,23.2,.,.,.,.,.,.,27.4,22.9,24.4,-0.04,-0.04,-0.21,0.06,.,0.13886364,.,0.13886364,.,.,.,.,.,.,.,.,.,.,.,.,.,.,.,.,.,9.4,9.6,9.5,45.1,59.5,52.3,9.3,9.6,9.453,329,35,0,1994,313,10.00,1,2,.,2,.,.,.,.,.,.,.,.,0.62,0.15,0.77,.,23.4,.,.,.,.,.,.,.,.,.,.,.,.,23.4,.,.,.,.,.,.,29.9,23.2,24.7,-0.03,-0.03,-0.14,0.05,.,0.136292091,.,0.136292091,.,.,.,.,.,.,.,.,.,.,.,.,.,.,.,.,.,9.4,9.6,9.5,45.1,59.5,52.3,9.3,9.6,9.453,547,45,0,1994,313,10.00,0,2,.,2,.,.,.,.,.,.,.,.,0.51,0.15,0.66,.,22.3,.,.,.,.,.,.,.,.,.,.,.,.,22.3,.,.,.,.,.,.,33.5,22.1,22.8,-0.12,-0.12,-0.61,0.13,.,0.15043561,.,0.15043561,.,.,.,.,.,.,.,.,.,.,.,.,.,.,.,.,.,9.4,9.6,9.5,45.1,59.5,52.3,9.3,9.6,9.453,727,35,0,1994,313,10.00,1,2,.,1,.,.,.,.,.,.,.,.,1.25,0.15,1.4,.,22.3,.,.,.,.,.,.,.,.,.,.,.,.,22.3,.,.,.,.,.,.,33.5,21.8,28,0.4,0.71,0.42,0.09,.,0.15043561,.,0.15043561,.,.,.,.,.,.,.,.,.,.,.,.,.,.,.,.,.,9.4,9.6,9.5,45.1,59.5,52.3,9.4,9.6,9.53,804,25,1,1994,313,10.00,-1,2,.,2,.,.,.,.,.,.,.,.,0.76,0.15,0.91,.,22.3,.,.,.,.,.,.,.,.,.,.,.,.,22.3,.,.,.,.,.,.,30,22.1,24.7,-0.03,-0.03,-0.18,0.06,.,0.15043561,.,0.15043561,.,.,.,.,.,.,.,.,.,.,.,.,.,.,.,.,.,9.4,9.6,9.5,45.1,59.5,52.3,9.3,9.6,9.453,949,25,1,1994,313,10.00,0,2,.,2,.,.,.,.,.,.,.,.,0.84,0.15,0.99,.,22.3,.,.,.,.,.,.,.,.,.,.,.,.,22.3,.,.,.,.,.,.,30,22,25.2,-0.01,-0.01,-0.07,0.05,.,0.15043561,.,0.15043561,.,.,.,.,.,.,.,.,.,.,.,.,.,.,.,.,.,9.4,9.6,9.5,45.1,59.5,52.3,9.3,9.6,9.453,1082,35,1,1994,313,10.00,-3,1,.,3,.,.,.,.,.,.,.,.,1.21,0.15,1.36,.,23,.,.,.,.,.,.,.,.,.,.,.,.,23,.,.,.,.,.,.,27.3,22.2,28.1,0.44,0.73,0.47,0.1,.,0.141435189,.,0.141435189,.,.,.,.,.,.,.,.,.,.,.,.,.,.,.,.,.,9.4,9.6,9.5,45.1,59.5,52.3,9.3,9.6,9.453,1215,35,0,1994,313,10.00,1,2,.,2,.,.,.,.,.,.,.,.,0.62,0.15,0.77,.,24.1,.,.,.,.,.,.,.,.,.,.,.,.,24.1,.,.,.,.,.,.,30.8,23.7,25.3,0,0,0.04,0.05,.,0.12729167,.,0.12729167,.,.,.,.,.,.,.,.,.,.,.,.,.,.,.,.,.,9.4,9.6,9.5,45.1,59.5,52.3,9.3,9.6,9.453,1342,25,1,1994,313,10.00,1,2,.,2,.,.,.,.,.,.,.,.,1.02,0.15,1.17,.,24.1,.,.,.,.,.,.,.,.,.,.,.,.,24.1,.,.,.,.,.,.,30.8,23.4,27.9,0.45,0.7,0.53,0.11,.,0.12729167,.,0.12729167,.,.,.,.,.,.,.,.,.,.,.,.,.,.,.,.,.,9.4,9.6,9.5,45.1,59.5,52.3,9.3,9.6,9.453,1646,25,1,1994,313,10.00,0,2,.,2,.,.,.,.,.,.,.,.,0.67,0.15,0.82,.,23,.,.,.,.,.,.,.,.,.,.,.,.,23,.,.,.,.,.,.,27.3,22.7,24.6,-0.03,-0.03,-0.18,0.06,.,0.141435189,.,0.141435189,.,.,.,.,.,.,.,.,.,.,.,.,.,.,.,.,.,9.4,9.6,9.5,45.1,59.5,52.3,9.3,9.6,9.453,1735,45,1,1994,313,10.00,0,2,.,2,.,.,.,.,.,.,.,.,0.63,0.15,0.78,.,23,.,.,.,.,.,.,.,.,.,.,.,.,23,.,.,.,.,.,.,27.3,22.7,24.3,-0.05,-0.05,-0.24,0.06,.,0.141435189,.,0.141435189,.,.,.,.,.,.,.,.,.,.,.,.,.,.,.,.,.,9.4,9.6,9.5,45.1,59.5,52.3,9.3,9.6,9.453,1843,65,0,1994,313,10.00,3,1,.,1,.,.,.,.,.,.,.,.,0.62,0.15,0.77,.,24.1,.,.,.,.,.,.,.,.,.,.,.,.,24.1,.,.,.,.,.,.,30.8,23.7,25.3,0,0,0.04,0.05,.,0.12729167,.,0.12729167,.,.,.,.,.,.,.,.,.,.,.,.,.,.,.,.,.,9.4,9.6,9.5,45.1,59.5,52.3,9.3,9.6,9.452,21,35,1,1994,313,11.00,0,2,.,2,.,.,.,.,.,.,.,.,0.32,0.15,0.47,.,23.2,.,.,.,.,.,.,.,.,.,.,.,.,23.2,.,.,.,.,.,.,25.3,22.9,22,-0.17,-0.17,-0.85,0.2,.,0.13886364,.,0.13886364,.,.,.,.,.,.,.,.,.,.,.,.,.,.,.,.,.,9.4,9.7,9.55,45.1,58.7,51.9,9.3,9.7,9.53,667,35,0,1994,313,11.00,-1,2,.,2,.,.,.,.,.,.,.,.,0.62,0.15,0.77,.,22.3,.,.,.,.,.,.,.,.,.,.,.,.,22.3,.,.,.,.,.,.,32,22.1,23.7,-0.08,-0.08,-0.41,0.08,.,0.15043561,.,0.15043561,.,.,.,.,.,.,.,.,.,.,.,.,.,.,.,.,.,9.4,9.7,9.55,45.1,58.7,51.9,9.3,9.7,9.53,1275,25,1,1994,313,11.00,1,2,.,3,.,.,.,.,.,.,.,.,0.87,0.15,1.02,.,24.5,.,.,.,.,.,.,.,.,.,.,.,.,24.5,.,.,.,.,.,.,29.9,23.8,27.3,0.36,0.52,0.46,0.09,.,0.122148572,.,0.122148572,.,.,.,.,.,.,.,.,.,.,.,.,.,.,.,.,.,9.4,9.7,9.55,45.1,58.7,51.9,9.3,9.7,9.53,1477,45,1,1994,313,11.00,-1,2,.,1,.,.,.,.,.,.,.,.,0.66,0.15,0.81,.,24.5,.,.,.,.,.,.,.,.,.,.,.,.,24.5,.,.,.,.,.,.,29.9,24,25.9,0.1,0.16,0.2,0.06,.,0.122148572,.,0.122148572,.,.,.,.,.,.,.,.,.,.,.,.,.,.,.,.,.,9.4,9.7,9.55,45.1,58.7,51.9,9.3,9.7,9.53,1547,.,.,1994,313,11.00,1,2,.,2,.,.,.,.,.,.,.,.,0.62,0.15,0.77,.,24.8,.,.,.,.,.,.,.,.,.,.,.,.,24.8,.,.,.,.,.,.,24,24.2,25.7,0.08,0.12,0.17,0.06,.,0.118291249,.,0.118291249,.,.,.,.,.,.,.,.,.,.,.,.,.,.,.,.,.,9.4,9.7,9.55,45.1,58.7,51.9,9.3,9.7,9.53,1787,25,1,1994,313,11.00,0,2,.,2,.,.,.,.,.,.,.,.,0.52,0.15,0.67,.,24.8,.,.,.,.,.,.,.,.,.,.,.,.,24.8,.,.,.,.,.,.,24,24.4,25.1,-0.01,-0.01,0.02,0.05,.,0.118291249,.,0.118291249,.,.,.,.,.,.,.,.,.,.,.,.,.,.,.,.,.,9.4,9.7,9.55,45.1,58.7,51.9,9.3,9.7,9.51,93,45,0,1994,313,15.00,0,2,.,2,.,.,.,.,.,.,.,.,1.04,0.15,1.19,.,23,.,.,.,.,.,.,.,.,.,.,.,.,23,.,.,.,.,.,.,22.9,22.2,27,0.27,0.42,0.28,0.07,.,0.141435189,.,0.141435189,.,.,.,.,.,.,.,.,.,.,.,.,.,.,.,.,.,9.4,9.4,9.4,45.1,45.1,45.1,9.3,9.3,9.31,142,35,0,1994,313,15.00,0,2,.,2,.,.,.,.,.,.,.,.,0.96,0.15,1.11,.,23,.,.,.,.,.,.,.,.,.,.,.,.,23,.,.,.,.,.,.,22.9,22.3,26.5,0.18,0.29,0.19,0.06,.,0.141435189,.,0.141435189,.,.,.,.,.,.,.,.,.,.,.,.,.,.,.,.,.,9.4,9.4,9.4,45.1,45.1,45.1,9.3,9.3,9.31,206,45,0,1994,313,15.00,1,2,.,2,.,.,.,.,.,.,.,.,0.59,0.15,0.74,.,23,.,.,.,.,.,.,.,.,.,.,.,.,23,.,.,.,.,.,.,22.9,22.7,24,-0.06,-0.06,-0.34,0.07,.,0.141435189,.,0.141435189,.,.,.,.,.,.,.,.,.,.,.,.,.,.,.,.,.,9.4,9.4,9.4,45.1,45.1,45.1,9.3,9.3,9.31,277,45,1,1994,313,15.00,1,2,.,2,.,.,.,.,.,.,.,.,0.74,0.15,0.89,.,23,.,.,.,.,.,.,.,.,.,.,.,.,23,.,.,.,.,.,.,22.9,22.6,25.1,-0.01,-0.01,-0.09,0.05,.,0.141435189,.,0.141435189,.,.,.,.,.,.,.,.,.,.,.,.,.,.,.,.,.,9.4,9.4,9.4,45.1,45.1,45.1,9.3,9.3,9.31,352,35,0,1994,313,15.00,1,2,.,1,.,.,.,.,.,.,.,.,0.7,0.15,0.85,.,23,.,.,.,.,.,.,.,.,.,.,.,.,23,.,.,.,.,.,.,22.9,22.7,24.8,-0.03,-0.03,-0.16,0.05,.,0.141435189,.,0.141435189,.,.,.,.,.,.,.,.,.,.,.,.,.,.,.,.,.,9.4,9.4,9.4,45.1,45.1,45.1,9.3,9.3,9.31,398,45,0,1994,313,15.00,0,2,.,2,.,.,.,.,.,.,.,.,0.66,0.15,0.81,.,23,.,.,.,.,.,.,.,.,.,.,.,.,23,.,.,.,.,.,.,22.9,22.7,24.5,-0.04,-0.04,-0.22,0.06,.,0.141435189,.,0.141435189,.,.,.,.,.,.,.,.,.,.,.,.,.,.,.,.,.,9.4,9.4,9.4,45.1,45.1,45.1,9.3,9.3,9.31,611,35,0,1994,313,15.00,-1,2,.,3,.,.,.,.,.,.,.,.,0.62,0.15,0.77,.,23,.,.,.,.,.,.,.,.,.,.,.,.,23,.,.,.,.,.,.,22.9,22.7,24.2,-0.05,-0.05,-0.29,0.07,.,0.141435189,.,0.141435189,.,.,.,.,.,.,.,.,.,.,.,.,.,.,.,.,.,9.4,9.4,9.4,45.1,45.1,45.1,9.3,9.3,9.32,89,25,1,1994,313,15.00,.,.,.,2,.,.,.,.,.,.,.,.,0.41,0.15,0.56,.,23.2,.,.,.,.,.,.,.,.,.,.,.,.,23.2,.,.,.,.,.,.,20.7,22.8,22.7,-0.13,-0.13,-0.66,0.14,.,0.13886364,.,0.13886364,.,.,.,.,.,.,.,.,.,.,.,.,.,.,.,.,.,9.4,9.4,9.4,45.1,45.1,45.1,9.3,9.3,9.32,600,45,0,1994,313,15.00,-2,1,.,3,.,.,.,.,.,.,.,.,1.14,0.15,1.29,.,23.2,.,.,.,.,.,.,.,.,.,.,.,.,23.2,.,.,.,.,.,.,20.7,22.2,27.7,0.39,0.61,0.41,0.08,.,0.13886364,.,0.13886364,.,.,.,.,.,.,.,.,.,.,.,.,.,.,.,.,.,9.4,9.4,9.4,45.1,45.1,45.1,9.3,9.3,9.32,754,55,0,1994,313,15.00,0,2,.,2,.,.,.,.,.,.,.,.,0.62,0.15,0.77,.,23.2,.,.,.,.,.,.,.,.,.,.,.,.,23.2,.,.,.,.,.,.,20.7,22.8,24.4,-0.05,-0.05,-0.25,0.06,.,0.13886364,.,0.13886364,.,.,.,.,.,.,.,.,.,.,.,.,.,.,.,.,.,9.4,9.4,9.4,45.1,45.1,45.1,9.3,9.3,9.33,30,35,0,1994,313,15.00,-1,2,.,3,.,.,.,.,.,.,.,.,0.62,0.15,0.77,.,23.4,.,.,.,.,.,.,.,.,.,.,.,.,23.4,.,.,.,.,.,.,27.5,23.1,24.6,-0.03,-0.03,-0.15,0.05,.,0.136292091,.,0.136292091,.,.,.,.,.,.,.,.,.,.,.,.,.,.,.,.,.,9.4,9.4,9.4,45.1,45.1,45.1,9.3,9.3,9.33,330,35,0,1994,313,15.00,2,1,.,1,.,.,.,.,.,.,.,.,0.62,0.15,0.77,.,23.4,.,.,.,.,.,.,.,.,.,.,.,.,23.4,.,.,.,.,.,.,29.9,23.2,24.7,-0.03,-0.03,-0.14,0.05,.,0.136292091,.,0.136292091,.,.,.,.,.,.,.,.,.,.,.,.,.,.,.,.,.,9.4,9.6,9.5,45.1,59.5,52.3,9.3,9.6,9.453,385,45,0,1994,313,15.00,1,2,.,1,.,.,.,.,.,.,.,.,1.06,0.15,1.21,.,24.8,.,.,.,.,.,.,.,.,.,.,.,.,24.8,.,.,.,.,.,.,20,23.6,28.4,0.55,0.8,0.64,0.13,.,0.118291249,.,0.118291249,.,.,.,.,.,.,.,.,.,.,.,.,.,.,.,.,.,9.4,9.4,9.4,45.1,45.1,45.1,9.3,9.3,9.33,668,35,0,1994,313,15.00,0,2,.,2,.,.,.,.,.,.,.,.,0.7,0.15,0.85,.,23,.,.,.,.,.,.,.,.,.,.,.,.,23,.,.,.,.,.,.,30.5,22.8,24.9,-0.02,-0.02,-0.11,0.05,.,0.141435189,.,0.141435189,.,.,.,.,.,.,.,.,.,.,.,.,.,.,.,.,.,9.4,9.4,9.4,45.1,45.1,45.1,9.3,9.3,9.33,728,35,0,1994,313,15.00,0,2,.,2,.,.,.,.,.,.,.,.,0.74,0.15,0.89,.,23,.,.,.,.,.,.,.,.,.,.,.,.,23,.,.,.,.,.,.,30.5,22.7,25.2,-0.01,-0.01,-0.05,0.05,.,0.141435189,.,0.141435189,.,.,.,.,.,.,.,.,.,.,.,.,.,.,.,.,.,9.4,9.4,9.4,45.1,45.1,45.1,9.3,9.3,9.33,805,25,1,1994,313,15.00,0,2,.,2,.,.,.,.,.,.,.,.,0.76,0.15,0.91,.,23.4,.,.,.,.,.,.,.,.,.,.,.,.,23.4,.,.,.,.,.,.,27.5,23,25.6,0.01,0.05,0.06,0.05,.,0.136292091,.,0.136292091,.,.,.,.,.,.,.,.,.,.,.,.,.,.,.,.,.,9.4,9.4,9.4,45.1,45.1,45.1,9.3,9.3,9.33,1216,35,0,1994,313,15.00,0,2,.,2,.,.,.,.,.,.,.,.,0.62,0.15,0.77,.,24.5,.,.,.,.,.,.,.,.,.,.,.,.,24.5,.,.,.,.,.,.,26.3,24,25.5,0.02,0.06,0.11,0.05,.,0.122148572,.,0.122148572,.,.,.,.,.,.,.,.,.,.,.,.,.,.,.,.,.,9.4,9.4,9.4,45.1,45.1,45.1,9.3,9.3,9.33,1276,25,1,1994,313,15.00,0,2,.,2,.,.,.,.,.,.,.,.,0.87,0.15,1.02,.,24.5,.,.,.,.,.,.,.,.,.,.,.,.,24.5,.,.,.,.,.,.,26.3,23.7,27.2,0.34,0.49,0.43,0.09,.,0.122148572,.,0.122148572,.,.,.,.,.,.,.,.,.,.,.,.,.,.,.,.,.,9.4,9.4,9.4,45.1,45.1,45.1,9.3,9.3,9.33,1343,25,1,1994,313,15.00,2,1,.,1,.,.,.,.,.,.,.,.,1.02,0.15,1.17,.,24.5,.,.,.,.,.,.,.,.,.,.,.,.,24.5,.,.,.,.,.,.,26.3,23.6,28.1,0.49,0.74,0.58,0.12,.,0.122148572,.,0.122148572,.,.,.,.,.,.,.,.,.,.,.,.,.,.,.,.,.,9.4,9.4,9.4,45.1,45.1,45.1,9.3,9.3,9.33,1548,.,.,1994,313,15.00,0,2,.,2,.,.,.,.,.,.,.,.,0.62,0.15,0.77,.,24.8,.,.,.,.,.,.,.,.,.,.,.,.,24.8,.,.,.,.,.,.,20,24.1,25.7,0.06,0.1,0.14,0.05,.,0.118291249,.,0.118291249,.,.,.,.,.,.,.,.,.,.,.,.,.,.,.,.,.,9.4,9.4,9.4,45.1,45.1,45.1,9.3,9.3,9.33,1788,25,1,1994,313,15.00,0,2,.,2,.,.,.,.,.,.,.,.,0.52,0.15,0.67,.,24.8,.,.,.,.,.,.,.,.,.,.,.,.,24.8,.,.,.,.,.,.,20,24.3,25,-0.01,-0.01,-0.01,0.05,.,0.118291249,.,0.118291249,.,.,.,.,.,.,.,.,.,.,.,.,.,.,.,.,.,9.4,9.4,9.4,45.1,45.1,45.1,9.3,9.3,9.33,1992,25,1,1994,313,15.00,0,2,.,2,.,.,.,.,.,.,.,.,0.45,0.15,0.6,.,23.4,.,.,.,.,.,.,.,.,.,.,.,.,23.4,.,.,.,.,.,.,26.7,23.1,23.3,-0.09,-0.09,-0.48,0.1,.,0.136292091,.,0.136292091,.,.,.,.,.,.,.,.,.,.,.,.,.,.,.,.,.,9.4,9.4,9.4,45.1,45.1,45.1,9.3,9.3,9.32,239,35,1,1994,313,16.00,0,2,.,2,.,.,.,.,.,.,.,.,0.58,0.15,0.73,.,23.2,.,.,.,.,.,.,.,.,.,.,.,.,23.2,.,.,.,.,.,.,20.7,22.8,24.1,-0.06,-0.06,-0.32,0.07,.,0.13886364,.,0.13886364,.,.,.,.,.,.,.,.,.,.,.,.,.,.,.,.,.,9.4,8.9,9.15,45.1,46.1,45.6,9.3,8.8,9.053,1083,35,1,1994,313,16.00,-2,1,.,3,.,.,.,.,.,.,.,.,1.16,0.15,1.31,.,22.3,.,.,.,.,.,.,.,.,.,.,.,.,22.3,.,.,.,.,.,.,21.7,21.5,27.2,0.28,0.46,0.26,0.06,.,0.15043561,.,0.15043561,.,.,.,.,.,.,.,.,.,.,.,.,.,.,.,.,.,9.4,8.9,9.15,45.1,46.1,45.6,9.3,8.9,9.13,1647,25,1,1994,313,16.00,-1,2,.,3,.,.,.,.,.,.,.,.,0.67,0.15,0.82,.,22.3,.,.,.,.,.,.,.,.,.,.,.,.,22.3,.,.,.,.,.,.,21.7,22,23.9,-0.07,-0.07,-0.38,0.08,.,0.15043561,.,0.15043561,.,.,.,.,.,.,.,.,.,.,.,.,.,.,.,.,.,9.4,8.9,9.15,45.1,46.1,45.6,9.3,8.8,9.051,94,45,0,1994,314,11.00,0,2,.,2,.,.,.,.,.,.,.,.,1.04,0.15,1.19,.,23,.,.,.,.,.,.,.,.,.,.,.,.,23,.,.,.,.,.,.,21.4,22.2,26.9,0.26,0.41,0.27,0.06,.,0.141435189,.,0.141435189,.,.,.,.,.,.,.,.,.,.,.,.,.,.,.,.,.,4.7,4.1,4.4,52.2,58.4,55.3,4.7,4.1,4.41,278,45,1,1994,314,11.00,-1,2,.,2,.,.,.,.,.,.,.,.,0.57,0.15,0.72,.,23,.,.,.,.,.,.,.,.,.,.,.,.,23,.,.,.,.,.,.,21.4,22.6,23.8,-0.07,-0.07,-0.39,0.08,.,0.141435189,.,0.141435189,.,.,.,.,.,.,.,.,.,.,.,.,.,.,.,.,.,4.7,4.1,4.4,52.2,58.4,55.3,4.7,4.1,4.41,353,35,0,1994,314,11.00,0,2,.,2,.,.,.,.,.,.,.,.,0.7,0.15,0.85,.,23,.,.,.,.,.,.,.,.,.,.,.,.,23,.,.,.,.,.,.,21.4,22.7,24.8,-0.03,-0.03,-0.17,0.06,.,0.141435189,.,0.141435189,.,.,.,.,.,.,.,.,.,.,.,.,.,.,.,.,.,4.7,4.1,4.4,52.2,58.4,55.3,4.7,4.1,4.41,399,45,0,1994,314,11.00,0,2,.,2,.,.,.,.,.,.,.,.,0.66,0.15,0.81,.,23,.,.,.,.,.,.,.,.,.,.,.,.,23,.,.,.,.,.,.,21.4,22.7,24.5,-0.04,-0.04,-0.23,0.06,.,0.141435189,.,0.141435189,.,.,.,.,.,.,.,.,.,.,.,.,.,.,.,.,.,4.7,4.1,4.4,52.2,58.4,55.3,4.7,4.1,4.41,400,45,0,1994,314,11.00,0,2,.,2,.,.,.,.,.,.,.,.,0.66,0.15,0.81,.,23,.,.,.,.,.,.,.,.,.,.,.,.,23,.,.,.,.,.,.,21.4,22.7,24.5,-0.04,-0.04,-0.23,0.06,.,0.141435189,.,0.141435189,.,.,.,.,.,.,.,.,.,.,.,.,.,.,.,.,.,4.7,4.1,4.4,52.2,58.4,55.3,4.7,4.1,4.41,612,35,0,1994,314,11.00,0,2,.,2,.,.,.,.,.,.,.,.,0.66,0.15,0.81,.,23,.,.,.,.,.,.,.,.,.,.,.,.,23,.,.,.,.,.,.,21.4,22.7,24.5,-0.04,-0.04,-0.23,0.06,.,0.141435189,.,0.141435189,.,.,.,.,.,.,.,.,.,.,.,.,.,.,.,.,.,4.7,4.1,4.4,52.2,58.4,55.3,4.7,4.1,4.42,23,35,1,1994,314,11.00,0,2,.,2,.,.,.,.,.,.,.,.,0.49,0.15,0.64,.,23.2,.,.,.,.,.,.,.,.,.,.,.,.,23.2,.,.,.,.,.,.,18.2,22.8,23.3,-0.1,-0.1,-0.51,0.1,.,0.13886364,.,0.13886364,.,.,.,.,.,.,.,.,.,.,.,.,.,.,.,.,.,4.7,4.1,4.4,52.2,58.4,55.3,4.7,4.1,4.42,90,25,1,1994,314,11.00,0,2,.,2,.,.,.,.,.,.,.,.,0.42,0.15,0.57,.,23.2,.,.,.,.,.,.,.,.,.,.,.,.,23.2,.,.,.,.,.,.,18.2,22.8,22.7,-0.13,-0.13,-0.66,0.14,.,0.13886364,.,0.13886364,.,.,.,.,.,.,.,.,.,.,.,.,.,.,.,.,.,4.7,4.1,4.4,52.2,58.4,55.3,4.7,4.1,4.42,445,55,1,1994,314,11.00,0,2,.,2,.,.,.,.,.,.,.,.,0.9,0.15,1.05,.,23.2,.,.,.,.,.,.,.,.,.,.,.,.,23.2,.,.,.,.,.,.,18.2,22.5,26.2,0.13,0.2,0.13,0.05,.,0.13886364,.,0.13886364,.,.,.,.,.,.,.,.,.,.,.,.,.,.,.,.,.,4.7,4.1,4.4,52.2,58.4,55.3,4.7,4.1,4.42,503,45,1,1994,314,11.00,-1,2,.,3,.,.,.,.,.,.,.,.,0.41,0.15,0.56,.,23.2,.,.,.,.,.,.,.,.,.,.,.,.,23.2,.,.,.,.,.,.,18.2,22.8,22.7,-0.13,-0.13,-0.68,0.15,.,0.13886364,.,0.13886364,.,.,.,.,.,.,.,.,.,.,.,.,.,.,.,.,.,4.7,4.1,4.4,52.2,58.4,55.3,4.7,4.1,4.42,601,45,0,1994,314,11.00,2,1,.,1,.,.,.,.,.,.,.,.,0.8,0.15,0.95,.,23.2,.,.,.,.,.,.,.,.,.,.,.,.,23.2,.,.,.,.,.,.,18.2,22.6,25.5,0,0,0,0.05,.,0.13886364,.,0.13886364,.,.,.,.,.,.,.,.,.,.,.,.,.,.,.,.,.,4.7,4.1,4.4,52.2,58.4,55.3,4.7,4.1,4.42,755,55,0,1994,314,11.00,0,2,.,2,.,.,.,.,.,.,.,.,0.62,0.15,0.77,.,23.2,.,.,.,.,.,.,.,.,.,.,.,.,23.2,.,.,.,.,.,.,18.2,22.8,24.3,-0.05,-0.05,-0.27,0.06,.,0.13886364,.,0.13886364,.,.,.,.,.,.,.,.,.,.,.,.,.,.,.,.,.,4.7,4.1,4.4,52.2,58.4,55.3,4.7,4.1,4.43,174,.,.,1994,314,11.00,2,1,.,3,.,.,.,.,.,.,.,.,1.05,0.15,1.2,.,22.3,.,.,.,.,.,.,.,.,.,.,.,.,22.3,.,.,.,.,.,.,22.7,21.6,26.5,0.17,0.28,0.15,0.05,.,0.15043561,.,0.15043561,.,.,.,.,.,.,.,.,.,.,.,.,.,.,.,.,.,4.7,4.1,4.4,52.2,58.4,55.3,4.7,4.1,4.43,729,35,0,1994,314,11.00,0,2,.,2,.,.,.,.,.,.,.,.,1.3,0.15,1.45,.,22.7,.,.,.,.,.,.,.,.,.,.,.,.,22.7,.,.,.,.,.,.,33.6,22.1,28.6,0.5,0.89,0.54,0.11,.,0.145292512,.,0.145292512,.,.,.,.,.,.,.,.,.,.,.,.,.,.,.,.,.,4.7,4.1,4.4,52.2,58.4,55.3,4.7,4.1,4.43,1126,.,.,1994,314,11.00,2,1,.,2,.,.,.,.,.,.,.,.,1.04,0.15,1.19,.,24.1,.,.,.,.,.,.,.,.,.,.,.,.,24.1,.,.,.,.,.,.,25.7,23.2,27.9,0.45,0.68,0.52,0.11,.,0.12729167,.,0.12729167,.,.,.,.,.,.,.,.,.,.,.,.,.,.,.,.,.,4.7,4.1,4.4,52.2,58.4,55.3,4.7,4.1,4.43,1170,45,1,1994,314,11.00,1,2,.,2,.,.,.,.,.,.,.,.,1.06,0.15,1.21,.,24.1,.,.,.,.,.,.,.,.,.,.,.,.,24.1,.,.,.,.,.,.,25.7,23.2,28,0.47,0.72,0.54,0.11,.,0.12729167,.,0.12729167,.,.,.,.,.,.,.,.,.,.,.,.,.,.,.,.,.,4.7,4.1,4.4,52.2,58.4,55.3,4.7,4.1,4.43,1277,25,1,1994,314,11.00,1,2,.,2,.,.,.,.,.,.,.,.,0.92,0.15,1.07,.,24.1,.,.,.,.,.,.,.,.,.,.,.,.,24.1,.,.,.,.,.,.,25.7,23.3,27.2,0.33,0.48,0.4,0.08,.,0.12729167,.,0.12729167,.,.,.,.,.,.,.,.,.,.,.,.,.,.,.,.,.,4.7,4.1,4.4,52.2,58.4,55.3,4.7,4.1,4.43,1344,25,1,1994,314,11.00,1,2,.,2,.,.,.,.,.,.,.,.,0.72,0.15,0.87,.,24.1,.,.,.,.,.,.,.,.,.,.,.,.,24.1,.,.,.,.,.,.,25.7,23.6,25.9,0.09,0.15,0.15,0.05,.,0.12729167,.,0.12729167,.,.,.,.,.,.,.,.,.,.,.,.,.,.,.,.,.,4.7,4.1,4.4,52.2,58.4,55.3,4.7,4.1,4.43,1427,45,0,1994,314,11.00,0,2,.,2,.,.,.,.,.,.,.,.,0.72,0.15,0.87,.,22.3,.,.,.,.,.,.,.,.,.,.,.,.,22.3,.,.,.,.,.,.,32.6,22.1,24.4,-0.04,-0.04,-0.23,0.06,.,0.15043561,.,0.15043561,.,.,.,.,.,.,.,.,.,.,.,.,.,.,.,.,.,4.7,4.1,4.4,52.2,58.4,55.3,4.7,4.1,4.43,1478,45,1,1994,314,11.00,0,2,.,2,.,.,.,.,.,.,.,.,0.84,0.15,0.99,.,24.1,.,.,.,.,.,.,.,.,.,.,.,.,24.1,.,.,.,.,.,.,25.7,23.4,26.7,0.24,0.35,0.31,0.07,.,0.12729167,.,0.12729167,.,.,.,.,.,.,.,.,.,.,.,.,.,.,.,.,.,4.7,4.1,4.4,52.2,58.4,55.3,4.7,4.1,4.43,1736,45,1,1994,314,11.00,0,2,.,2,.,.,.,.,.,.,.,.,0.63,0.15,0.78,.,22.3,.,.,.,.,.,.,.,.,.,.,.,.,22.3,.,.,.,.,.,.,22.7,22,23.6,-0.08,-0.08,-0.44,0.09,.,0.15043561,.,0.15043561,.,.,.,.,.,.,.,.,.,.,.,.,.,.,.,.,.,4.7,4.1,4.4,52.2,58.4,55.3,4.7,4.1,4.44,24,35,1,1994,314,11.00,0,2,.,2,.,.,.,.,.,.,.,.,0.67,0.15,0.82,.,22.7,.,.,.,.,.,.,.,.,.,.,.,.,22.7,.,.,.,.,.,.,19.3,22.3,24.3,-0.05,-0.05,-0.3,0.07,.,0.145292512,.,0.145292512,.,.,.,.,.,.,.,.,.,.,.,.,.,.,.,.,.,4.7,4.1,4.4,52.2,58.4,55.3,4.7,4.1,4.41,30,45,0,1994,314,12.00,0,2,.,2,.,.,.,.,.,.,.,.,1.14,0.15,1.29,.,23.4,.,.,.,.,.,.,.,.,.,.,.,.,23.4,.,.,.,.,.,.,19.9,22.4,27.8,0.42,0.64,0.44,0.09,.,0.136292091,.,0.136292091,.,.,.,.,.,.,.,.,.,.,.,.,.,.,.,.,.,4.7,4.1,4.4,52.2,57.5,54.85,4.7,4.1,4.41,207,45,0,1994,314,12.00,0,2,.,2,.,.,.,.,.,.,.,.,0.64,0.15,0.79,.,23.4,.,.,.,.,.,.,.,.,.,.,.,.,23.4,.,.,.,.,.,.,19.9,23,24.7,-0.03,-0.03,-0.17,0.06,.,0.136292091,.,0.136292091,.,.,.,.,.,.,.,.,.,.,.,.,.,.,.,.,.,4.7,4.1,4.4,52.2,57.5,54.85,4.7,4.1,4.42,681,45,0,1994,314,12.00,-1,2,.,3,.,.,.,.,.,.,.,.,0.64,0.15,0.79,.,23.2,.,.,.,.,.,.,.,.,.,.,.,.,23.2,.,.,.,.,.,.,18.2,22.8,24.5,-0.04,-0.04,-0.23,0.06,.,0.13886364,.,0.13886364,.,.,.,.,.,.,.,.,.,.,.,.,.,.,.,.,.,4.7,4.1,4.4,52.2,57.5,54.85,4.7,4.1,4.41,31,45,0,1994,314,16.00,-1,2,.,2,.,.,.,.,.,.,.,.,1.48,0.15,1.63,.,23.8,.,.,.,.,.,.,.,.,.,.,.,.,23.8,.,.,.,.,.,.,18.5,22.3,29.9,0.72,1.26,0.76,0.17,.,0.131148993,.,0.131148993,.,.,.,.,.,.,.,.,.,.,.,.,.,.,.,.,.,4.7,4.7,4.7,52.2,52.2,52.2,4.7,4.7,4.72,91,25,1,1994,314,16.00,0,2,.,2,.,.,.,.,.,.,.,.,0.42,0.15,0.57,.,23.2,.,.,.,.,.,.,.,.,.,.,.,.,23.2,.,.,.,.,.,.,17,22.8,22.7,-0.13,-0.13,-0.67,0.14,.,0.13886364,.,0.13886364,.,.,.,.,.,.,.,.,.,.,.,.,.,.,.,.,.,4.7,4.7,4.7,52.2,52.2,52.2,4.7,4.7,4.72,304,45,1,1994,314,16.00,-1,2,.,3,.,.,.,.,.,.,.,.,0.56,0.15,0.71,.,23.2,.,.,.,.,.,.,.,.,.,.,.,.,23.2,.,.,.,.,.,.,17,22.8,23.9,-0.07,-0.07,-0.38,0.08,.,0.13886364,.,0.13886364,.,.,.,.,.,.,.,.,.,.,.,.,.,.,.,.,.,4.7,4.7,4.7,52.2,52.2,52.2,4.7,4.7,4.72,446,55,1,1994,314,16.00,0,2,.,2,.,.,.,.,.,.,.,.,0.9,0.15,1.05,.,23.2,.,.,.,.,.,.,.,.,.,.,.,.,23.2,.,.,.,.,.,.,17,22.4,26.2,0.12,0.19,0.13,0.05,.,0.13886364,.,0.13886364,.,.,.,.,.,.,.,.,.,.,.,.,.,.,.,.,.,4.7,4.7,4.7,52.2,52.2,52.2,4.7,4.7,4.72,756,55,0,1994,314,16.00,0,2,.,2,.,.,.,.,.,.,.,.,0.62,0.15,0.77,.,23.2,.,.,.,.,.,.,.,.,.,.,.,.,23.2,.,.,.,.,.,.,17,22.8,24.3,-0.05,-0.05,-0.27,0.07,.,0.13886364,.,0.13886364,.,.,.,.,.,.,.,.,.,.,.,.,.,.,.,.,.,4.7,4.7,4.7,52.2,52.2,52.2,4.7,4.7,4.73,175,.,.,1994,314,16.00,3,1,.,2,.,.,.,.,.,.,.,.,1.05,0.15,1.2,.,22,.,.,.,.,.,.,.,.,.,.,.,.,22,.,.,.,.,.,.,21.6,21.4,26.3,0.12,0.21,0.09,0.05,.,0.154292933,.,0.154292933,.,.,.,.,.,.,.,.,.,.,.,.,.,.,.,.,.,4.7,4.7,4.7,52.2,52.2,52.2,4.7,4.7,4.73,331,35,0,1994,314,16.00,0,2,.,2,.,.,.,.,.,.,.,.,0.62,0.15,0.77,.,22.7,.,.,.,.,.,.,.,.,.,.,.,.,22.7,.,.,.,.,.,.,28.2,22.4,24,-0.06,-0.06,-0.33,0.07,.,0.145292512,.,0.145292512,.,.,.,.,.,.,.,.,.,.,.,.,.,.,.,.,.,4.7,4.7,4.7,52.2,52.2,52.2,4.7,4.7,4.73,387,45,0,1994,314,16.00,0,2,.,2,.,.,.,.,.,.,.,.,0.7,0.15,0.85,.,22.7,.,.,.,.,.,.,.,.,.,.,.,.,22.7,.,.,.,.,.,.,20.9,22.4,24.5,-0.04,-0.04,-0.24,0.06,.,0.145292512,.,0.145292512,.,.,.,.,.,.,.,.,.,.,.,.,.,.,.,.,.,4.7,4.7,4.7,52.2,52.2,52.2,4.7,4.7,4.73,884,35,0,1994,314,16.00,0,2,.,2,.,.,.,.,.,.,.,.,0.49,0.15,0.64,.,22.3,.,.,.,.,.,.,.,.,.,.,.,.,22.3,.,.,.,.,.,.,32.1,22.1,22.6,-0.13,-0.13,-0.67,0.14,.,0.15043561,.,0.15043561,.,.,.,.,.,.,.,.,.,.,.,.,.,.,.,.,.,4.7,4.7,4.7,52.2,52.2,52.2,4.7,4.7,4.73,1171,45,1,1994,314,16.00,.,.,.,.,.,.,.,.,.,.,.,.,1.06,0.15,1.21,.,24.5,.,.,.,.,.,.,.,.,.,.,.,.,24.5,.,.,.,.,.,.,23.8,23.5,28.3,0.52,0.78,0.6,0.13,.,0.122148572,.,0.122148572,.,.,.,.,.,.,.,.,.,.,.,.,.,.,.,.,.,4.7,4.7,4.7,52.2,52.2,52.2,4.7,4.7,4.73,1428,45,0,1994,314,16.00,-1,2,.,3,.,.,.,.,.,.,.,.,0.72,0.15,0.87,.,22.3,.,.,.,.,.,.,.,.,.,.,.,.,22.3,.,.,.,.,.,.,32.1,22.1,24.4,-0.04,-0.04,-0.24,0.06,.,0.15043561,.,0.15043561,.,.,.,.,.,.,.,.,.,.,.,.,.,.,.,.,.,4.7,4.7,4.7,52.2,52.2,52.2,4.7,4.7,4.73,1913,.,.,1994,314,16.00,0,2,.,2,.,.,.,.,.,.,.,.,0.76,0.15,0.91,.,22,.,.,.,.,.,.,.,.,.,.,.,.,22,.,.,.,.,.,.,21.6,21.7,24.3,-0.05,-0.05,-0.3,0.07,.,0.154292933,.,0.154292933,.,.,.,.,.,.,.,.,.,.,.,.,.,.,.,.,.,4.7,4.7,4.7,52.2,52.2,52.2,4.7,4.7,4.71,32,45,0,1994,318,13.00,-1,2,.,2,.,.,.,.,.,.,.,.,1.4,0.15,1.55,.,23.8,.,.,.,.,.,.,.,.,.,.,.,.,23.8,.,.,.,.,.,.,32.4,22.9,30,0.71,1.29,0.8,0.18,.,0.131148993,.,0.131148993,.,.,.,.,.,.,.,.,.,.,.,.,.,.,.,.,.,14.7,15.5,15.1,38.35,65.5,51.925,14.6,15.6,15.11,95,45,0,1994,318,13.00,1,2,.,2,.,.,.,.,.,.,.,.,0.96,0.15,1.11,.,23.8,.,.,.,.,.,.,.,.,.,.,.,.,23.8,.,.,.,.,.,.,32.4,23.2,27.3,0.35,0.54,0.42,0.09,.,0.131148993,.,0.131148993,.,.,.,.,.,.,.,.,.,.,.,.,.,.,.,.,.,14.7,15.5,15.1,38.35,65.5,51.925,14.6,15.6,15.11,143,35,0,1994,318,13.00,2,1,.,1,.,.,.,.,.,.,.,.,0.96,0.15,1.11,.,23.8,.,.,.,.,.,.,.,.,.,.,.,.,23.8,.,.,.,.,.,.,32.4,23.2,27.3,0.35,0.54,0.42,0.09,.,0.131148993,.,0.131148993,.,.,.,.,.,.,.,.,.,.,.,.,.,.,.,.,.,14.7,15.5,15.1,38.35,65.5,51.925,14.6,15.6,15.11,354,35,0,1994,318,13.00,1,2,.,1,.,.,.,.,.,.,.,.,0.87,0.15,1.02,.,23.8,.,.,.,.,.,.,.,.,.,.,.,.,23.8,.,.,.,.,.,.,32.4,23.3,26.8,0.25,0.38,0.32,0.07,.,0.131148993,.,0.131148993,.,.,.,.,.,.,.,.,.,.,.,.,.,.,.,.,.,14.7,15.5,15.1,38.35,65.5,51.925,14.6,15.6,15.12,24,35,1,1994,318,13.00,0,2,.,2,.,.,.,.,.,.,.,.,0.57,0.15,0.72,.,23.6,.,.,.,.,.,.,.,.,.,.,.,.,23.6,.,.,.,.,.,.,32.1,23.4,24.5,-0.03,-0.03,-0.16,0.06,.,0.133720542,.,0.133720542,.,.,.,.,.,.,.,.,.,.,.,.,.,.,.,.,.,14.7,15.5,15.1,38.35,65.5,51.925,14.6,15.6,15.12,305,45,1,1994,318,13.00,0,2,.,2,.,.,.,.,.,.,.,.,0.56,0.15,0.71,.,23.6,.,.,.,.,.,.,.,.,.,.,.,.,23.6,.,.,.,.,.,.,32.1,23.4,24.4,-0.04,-0.04,-0.18,0.06,.,0.133720542,.,0.133720542,.,.,.,.,.,.,.,.,.,.,.,.,.,.,.,.,.,14.7,15.5,15.1,38.35,65.5,51.925,14.6,15.6,15.12,602,45,0,1994,318,13.00,0,2,.,2,.,.,.,.,.,.,.,.,0.72,0.15,0.87,.,23.6,.,.,.,.,.,.,.,.,.,.,.,.,23.6,.,.,.,.,.,.,32.1,23.2,25.6,0.01,0.05,0.08,0.05,.,0.133720542,.,0.133720542,.,.,.,.,.,.,.,.,.,.,.,.,.,.,.,.,.,14.7,15.5,15.1,38.35,65.5,51.925,14.6,15.6,15.13,669,35,0,1994,318,13.00,0,2,.,2,.,.,.,.,.,.,.,.,0.74,0.15,0.89,.,23.8,.,.,.,.,.,.,.,.,.,.,.,.,23.8,.,.,.,.,.,.,34.7,23.5,25.9,0.1,0.17,0.17,0.06,.,0.131148993,.,0.131148993,.,.,.,.,.,.,.,.,.,.,.,.,.,.,.,.,.,14.7,15.5,15.1,38.35,65.5,51.925,14.6,15.6,15.13,1218,35,0,1994,318,13.00,0,2,.,2,.,.,.,.,.,.,.,.,0.64,0.15,0.79,.,24.5,.,.,.,.,.,.,.,.,.,.,.,.,24.5,.,.,.,.,.,.,30.4,24,25.7,0.07,0.12,0.17,0.06,.,0.122148572,.,0.122148572,.,.,.,.,.,.,.,.,.,.,.,.,.,.,.,.,.,14.7,15.5,15.1,38.35,65.5,51.925,14.6,15.6,15.13,1278,25,1,1994,318,13.00,2,1,.,2,.,.,.,.,.,.,.,.,1.05,0.15,1.2,.,24.5,.,.,.,.,.,.,.,.,.,.,.,.,24.5,.,.,.,.,.,.,30.4,23.7,28.4,0.53,0.83,0.64,0.13,.,0.122148572,.,0.122148572,.,.,.,.,.,.,.,.,.,.,.,.,.,.,.,.,.,14.7,15.5,15.1,38.35,65.5,51.925,14.6,15.6,15.13,1479,45,1,1994,318,13.00,1,2,.,1,.,.,.,.,.,.,.,.,0.87,0.15,1.02,.,24.5,.,.,.,.,.,.,.,.,.,.,.,.,24.5,.,.,.,.,.,.,30.4,23.8,27.3,0.36,0.52,0.46,0.09,.,0.122148572,.,0.122148572,.,.,.,.,.,.,.,.,.,.,.,.,.,.,.,.,.,14.7,15.5,15.1,38.35,65.5,51.925,14.6,15.6,15.13,1649,25,1,1994,318,13.00,0,2,.,2,.,.,.,.,.,.,.,.,0.75,0.15,0.9,.,23.4,.,.,.,.,.,.,.,.,.,.,.,.,23.4,.,.,.,.,.,.,34.3,23.1,25.6,0.02,0.07,0.08,0.05,.,0.136292091,.,0.136292091,.,.,.,.,.,.,.,.,.,.,.,.,.,.,.,.,.,14.7,15.5,15.1,38.35,65.5,51.925,14.6,15.6,15.13,1737,45,1,1994,318,13.00,1,2,.,2,.,.,.,.,.,.,.,.,0.63,0.15,0.78,.,23.4,.,.,.,.,.,.,.,.,.,.,.,.,23.4,.,.,.,.,.,.,34.3,23.2,24.8,-0.02,-0.02,-0.1,0.05,.,0.136292091,.,0.136292091,.,.,.,.,.,.,.,.,.,.,.,.,.,.,.,.,.,14.7,15.5,15.1,38.35,65.5,51.925,14.6,15.6,15.12,92,25,1,1994,318,14.00,0,2,.,2,.,.,.,.,.,.,.,.,0.46,0.15,0.61,.,23.6,.,.,.,.,.,.,.,.,.,.,.,.,23.6,.,.,.,.,.,.,34,23.4,23.7,-0.07,-0.07,-0.36,0.08,.,0.133720542,.,0.133720542,.,.,.,.,.,.,.,.,.,.,.,.,.,.,.,.,.,14.7,12.7,13.7,38.35,11.6,24.975,14.6,12.4,13.53,229,35,0,1994,318,14.00,0,2,.,2,.,.,.,.,.,.,.,.,0.93,0.15,1.08,.,23,.,.,.,.,.,.,.,.,.,.,.,.,23,.,.,.,.,.,.,36.2,22.6,26.6,0.2,0.33,0.24,0.06,.,0.141435189,.,0.141435189,.,.,.,.,.,.,.,.,.,.,.,.,.,.,.,.,.,14.7,12.7,13.7,38.35,11.6,24.975,14.6,12.4,13.53,730,35,0,1994,318,14.00,1,2,.,1,.,.,.,.,.,.,.,.,0.72,0.15,0.87,.,24.1,.,.,.,.,.,.,.,.,.,.,.,.,24.1,.,.,.,.,.,.,36.3,23.8,26.1,0.13,0.21,0.22,0.06,.,0.12729167,.,0.12729167,.,.,.,.,.,.,.,.,.,.,.,.,.,.,.,.,.,14.7,12.7,13.7,38.35,11.6,24.975,14.6,12.4,13.52,306,45,1,1994,318,17.00,0,2,.,2,.,.,.,.,.,.,.,.,0.56,0.15,0.71,.,23.6,.,.,.,.,.,.,.,.,.,.,.,.,23.6,.,.,.,.,.,.,37.9,23.5,24.5,-0.03,-0.03,-0.14,0.05,.,0.133720542,.,0.133720542,.,.,.,.,.,.,.,.,.,.,.,.,.,.,.,.,.,14.7,17.3,16,38.35,73.5,55.925,14.6,17.5,16.052,376,35,1,1994,318,17.00,-1,2,.,3,.,.,.,.,.,.,.,.,0.78,0.15,0.93,.,23.6,.,.,.,.,.,.,.,.,.,.,.,.,23.6,.,.,.,.,.,.,37.9,23.3,26.1,0.13,0.21,0.2,0.06,.,0.133720542,.,0.133720542,.,.,.,.,.,.,.,.,.,.,.,.,.,.,.,.,.,14.7,17.3,16,38.35,73.5,55.925,14.6,17.5,16.053,107,.,.,1994,318,17.00,0,2,.,2,.,.,.,.,.,.,.,.,1.06,0.15,1.21,.,23.4,.,.,.,.,.,.,.,.,.,.,.,.,23.4,.,.,.,.,.,.,41.7,23.1,27.9,0.42,0.71,0.5,0.1,.,0.136292091,.,0.136292091,.,.,.,.,.,.,.,.,.,.,.,.,.,.,.,.,.,14.7,17.3,16,38.35,73.5,55.925,14.6,17.5,16.053,549,45,0,1994,318,17.00,1,2,.,2,.,.,.,.,.,.,.,.,0.51,0.15,0.66,.,24.5,.,.,.,.,.,.,.,.,.,.,.,.,24.5,.,.,.,.,.,.,39,24.3,25,-0.01,-0.01,0.02,0.05,.,0.122148572,.,0.122148572,.,.,.,.,.,.,.,.,.,.,.,.,.,.,.,.,.,14.7,17.3,16,38.35,73.5,55.925,14.6,17.5,16.053,808,25,1,1994,318,17.00,0,2,.,2,.,.,.,.,.,.,.,.,0.33,0.15,0.48,.,24.5,.,.,.,.,.,.,.,.,.,.,.,.,24.5,.,.,.,.,.,.,39.3,24.4,23.6,-0.07,-0.07,-0.33,0.07,.,0.122148572,.,0.122148572,.,.,.,.,.,.,.,.,.,.,.,.,.,.,.,.,.,14.7,17.3,16,38.35,73.5,55.925,14.6,17.5,16.051,614,35,0,1994,319,12.00,0,2,.,2,.,.,.,.,.,.,.,.,0.49,0.15,0.64,.,22.7,.,.,.,.,.,.,.,.,.,.,.,.,22.7,.,.,.,.,.,.,29.7,22.5,23,-0.11,-0.11,-0.57,0.12,.,0.145292512,.,0.145292512,.,.,.,.,.,.,.,.,.,.,.,.,.,.,.,.,.,11.9,11.2,11.55,50.2,60.9,55.55,11.9,11.2,11.552,93,25,1,1994,319,12.00,0,2,.,2,.,.,.,.,.,.,.,.,0.42,0.15,0.57,.,23.2,.,.,.,.,.,.,.,.,.,.,.,.,23.2,.,.,.,.,.,.,29.8,23,22.9,-0.11,-0.11,-0.58,0.12,.,0.13886364,.,0.13886364,.,.,.,.,.,.,.,.,.,.,.,.,.,.,.,.,.,11.9,11.2,11.55,50.2,60.9,55.55,11.9,11.2,11.552,447,55,1,1994,319,12.00,1,2,.,2,.,.,.,.,.,.,.,.,1,0.15,1.15,.,23.2,.,.,.,.,.,.,.,.,.,.,.,.,23.2,.,.,.,.,.,.,29.8,22.6,27.1,0.29,0.45,0.32,0.07,.,0.13886364,.,0.13886364,.,.,.,.,.,.,.,.,.,.,.,.,.,.,.,.,.,11.9,11.2,11.55,50.2,60.9,55.55,11.9,11.2,11.553,517,55,0,1994,319,12.00,1,2,.,2,.,.,.,.,.,.,.,.,0.72,0.15,0.87,.,23.4,.,.,.,.,.,.,.,.,.,.,.,.,23.4,.,.,.,.,.,.,27.4,23,25.3,-0.01,-0.01,0,0.05,.,0.136292091,.,0.136292091,.,.,.,.,.,.,.,.,.,.,.,.,.,.,.,.,.,11.9,11.2,11.55,50.2,60.9,55.55,11.9,11.2,11.553,550,45,0,1994,319,12.00,0,2,.,2,.,.,.,.,.,.,.,.,0.51,0.15,0.66,.,22.7,.,.,.,.,.,.,.,.,.,.,.,.,22.7,.,.,.,.,.,.,33.1,22.5,23.2,-0.1,-0.1,-0.51,0.1,.,0.145292512,.,0.145292512,.,.,.,.,.,.,.,.,.,.,.,.,.,.,.,.,.,11.9,11.2,11.55,50.2,60.9,55.55,11.9,11.2,11.553,670,35,0,1994,319,12.00,0,2,.,2,.,.,.,.,.,.,.,.,0.62,0.15,0.77,.,22.7,.,.,.,.,.,.,.,.,.,.,.,.,22.7,.,.,.,.,.,.,33.1,22.5,24.1,-0.06,-0.06,-0.3,0.07,.,0.145292512,.,0.145292512,.,.,.,.,.,.,.,.,.,.,.,.,.,.,.,.,.,11.9,11.2,11.55,50.2,60.9,55.55,11.9,11.2,11.553,1025,25,0,1994,319,12.00,0,2,.,2,.,.,.,.,.,.,.,.,0.62,0.15,0.77,.,23.8,.,.,.,.,.,.,.,.,.,.,.,.,23.8,.,.,.,.,.,.,28.3,23.5,25,-0.01,-0.01,-0.05,0.05,.,0.131148993,.,0.131148993,.,.,.,.,.,.,.,.,.,.,.,.,.,.,.,.,.,11.9,11.2,11.55,50.2,60.9,55.55,11.9,11.2,11.553,1346,25,1,1994,319,12.00,0,2,.,2,.,.,.,.,.,.,.,.,0.65,0.15,0.8,.,25.2,.,.,.,.,.,.,.,.,.,.,.,.,25.2,.,.,.,.,.,.,27.4,24.6,26.3,0.21,0.28,0.34,0.07,.,0.113148151,.,0.113148151,.,.,.,.,.,.,.,.,.,.,.,.,.,.,.,.,.,11.9,11.2,11.55,50.2,60.9,55.55,11.9,11.2,11.553,1650,25,1,1994,319,12.00,1,2,.,2,.,.,.,.,.,.,.,.,0.97,0.15,1.12,.,23.4,.,.,.,.,.,.,.,.,.,.,.,.,23.4,.,.,.,.,.,.,25.8,22.7,26.9,0.27,0.41,0.31,0.07,.,0.136292091,.,0.136292091,.,.,.,.,.,.,.,.,.,.,.,.,.,.,.,.,.,11.9,11.2,11.55,50.2,60.9,55.55,11.9,11.2,11.553,1738,45,1,1994,319,12.00,0,2,.,2,.,.,.,.,.,.,.,.,0.63,0.15,0.78,.,23.4,.,.,.,.,.,.,.,.,.,.,.,.,23.4,.,.,.,.,.,.,25.8,23.1,24.7,-0.03,-0.03,-0.15,0.05,.,0.136292091,.,0.136292091,.,.,.,.,.,.,.,.,.,.,.,.,.,.,.,.,.,11.9,11.2,11.55,50.2,60.9,55.55,11.9,11.2,11.553,1791,25,1,1994,319,12.00,1,2,.,2,.,.,.,.,.,.,.,.,0.92,0.15,1.07,.,23.4,.,.,.,.,.,.,.,.,.,.,.,.,23.4,.,.,.,.,.,.,27.4,22.8,26.6,0.22,0.34,0.26,0.06,.,0.136292091,.,0.136292091,.,.,.,.,.,.,.,.,.,.,.,.,.,.,.,.,.,11.9,11.2,11.55,50.2,60.9,55.55,11.9,11.2,11.554,26,35,1,1994,319,12.00,0,2,.,2,.,.,.,.,.,.,.,.,0.63,0.15,0.78,.,23.4,.,.,.,.,.,.,.,.,.,.,.,.,23.4,.,.,.,.,.,.,29.7,23.2,24.7,-0.03,-0.03,-0.12,0.05,.,0.136292091,.,0.136292091,.,.,.,.,.,.,.,.,.,.,.,.,.,.,.,.,.,11.9,11.2,11.55,50.2,60.9,55.55,11.9,11.2,11.551,208,45,0,1994,319,13.00,0,2,.,2,.,.,.,.,.,.,.,.,0.64,0.15,0.79,.,23,.,.,.,.,.,.,.,.,.,.,.,.,23,.,.,.,.,.,.,27.6,22.7,24.4,-0.04,-0.04,-0.22,0.06,.,0.141435189,.,0.141435189,.,.,.,.,.,.,.,.,.,.,.,.,.,.,.,.,.,11.9,11.9,11.9,50.2,50.2,50.2,11.9,11.9,11.91,280,45,1,1994,319,13.00,0,2,.,2,.,.,.,.,.,.,.,.,0.73,0.15,0.88,.,23,.,.,.,.,.,.,.,.,.,.,.,.,23,.,.,.,.,.,.,27.6,22.7,25.1,-0.01,-0.01,-0.08,0.05,.,0.141435189,.,0.141435189,.,.,.,.,.,.,.,.,.,.,.,.,.,.,.,.,.,11.9,11.9,11.9,50.2,50.2,50.2,11.9,11.9,11.91,355,35,0,1994,319,13.00,0,2,.,2,.,.,.,.,.,.,.,.,1.04,0.15,1.19,.,23,.,.,.,.,.,.,.,.,.,.,.,.,23,.,.,.,.,.,.,27.6,22.4,27.1,0.29,0.46,0.31,0.07,.,0.141435189,.,0.141435189,.,.,.,.,.,.,.,.,.,.,.,.,.,.,.,.,.,11.9,11.9,11.9,50.2,50.2,50.2,11.9,11.9,11.91,403,45,0,1994,319,13.00,1,2,.,1,.,.,.,.,.,.,.,.,0.66,0.15,0.81,.,23,.,.,.,.,.,.,.,.,.,.,.,.,23,.,.,.,.,.,.,27.6,22.7,24.6,-0.03,-0.03,-0.19,0.06,.,0.141435189,.,0.141435189,.,.,.,.,.,.,.,.,.,.,.,.,.,.,.,.,.,11.9,11.9,11.9,50.2,50.2,50.2,11.9,11.9,11.91,551,35,0,1994,319,13.00,1,2,.,1,.,.,.,.,.,.,.,.,0.62,0.15,0.77,.,23,.,.,.,.,.,.,.,.,.,.,.,.,23,.,.,.,.,.,.,27.6,22.7,24.3,-0.05,-0.05,-0.26,0.06,.,0.141435189,.,0.141435189,.,.,.,.,.,.,.,.,.,.,.,.,.,.,.,.,.,11.9,11.9,11.9,50.2,50.2,50.2,11.9,11.9,11.92,603,45,0,1994,319,13.00,-1,2,.,3,.,.,.,.,.,.,.,.,0.8,0.15,0.95,.,23.6,.,.,.,.,.,.,.,.,.,.,.,.,23.6,.,.,.,.,.,.,28.1,23.1,26,0.11,0.18,0.16,0.06,.,0.133720542,.,0.133720542,.,.,.,.,.,.,.,.,.,.,.,.,.,.,.,.,.,11.9,11.9,11.9,50.2,50.2,50.2,11.9,11.9,11.92,683,45,0,1994,319,13.00,0,2,.,2,.,.,.,.,.,.,.,.,0.64,0.15,0.79,.,23.6,.,.,.,.,.,.,.,.,.,.,.,.,23.6,.,.,.,.,.,.,28.1,23.3,25,-0.02,-0.02,-0.07,0.05,.,0.133720542,.,0.133720542,.,.,.,.,.,.,.,.,.,.,.,.,.,.,.,.,.,11.9,11.9,11.9,50.2,50.2,50.2,11.9,11.9,11.93,1480,45,1,1994,319,13.00,2,1,.,1,.,.,.,.,.,.,.,.,1.01,0.15,1.16,.,25.2,.,.,.,.,.,.,.,.,.,.,.,.,25.2,.,.,.,.,.,.,26.4,24.2,28.6,0.58,0.87,0.72,0.16,.,0.113148151,.,0.113148151,.,.,.,.,.,.,.,.,.,.,.,.,.,.,.,.,.,11.9,11.9,11.9,50.2,50.2,50.2,11.9,11.9,11.93,810,25,1,1994,319,18.00,0,2,.,2,.,.,.,.,.,.,.,.,0.97,0.15,1.12,.,23.8,.,.,.,.,.,.,.,.,.,.,.,.,23.8,.,.,.,.,.,.,26.5,23.1,27.2,0.33,0.5,0.39,0.08,.,0.131148993,.,0.131148993,.,.,.,.,.,.,.,.,.,.,.,.,.,.,.,.,.,11.9,7.8,9.85,50.2,51.3,50.75,11.9,7.8,9.853,1651,25,1,1994,319,18.00,1,2,.,1,.,.,.,.,.,.,.,.,0.92,0.15,1.07,.,22.3,.,.,.,.,.,.,.,.,.,.,.,.,22.3,.,.,.,.,.,.,21.7,21.8,25.7,0,0,-0.01,0.05,.,0.15043561,.,0.15043561,.,.,.,.,.,.,.,.,.,.,.,.,.,.,.,.,.,11.9,7.8,9.85,50.2,51.3,50.75,11.9,7.8,9.851,34,45,0,1994,320,10.00,-1,2,.,3,.,.,.,.,.,.,.,.,1.06,0.15,1.21,.,22.3,.,.,.,.,.,.,.,.,.,.,.,.,22.3,.,.,.,.,.,.,23.4,21.6,26.6,0.18,0.3,0.16,0.06,.,0.15043561,.,0.15043561,.,.,.,.,.,.,.,.,.,.,.,.,.,.,.,.,.,10.4,3.8,7.1,42.7,75.5,59.1,10.3,3.9,7.11,404,45,0,1994,320,10.00,0,2,.,2,.,.,.,.,.,.,.,.,0.66,0.15,0.81,.,22.3,.,.,.,.,.,.,.,.,.,.,.,.,22.3,.,.,.,.,.,.,23.4,22,23.9,-0.07,-0.07,-0.39,0.08,.,0.15043561,.,0.15043561,.,.,.,.,.,.,.,.,.,.,.,.,.,.,.,.,.,10.4,3.8,7.1,42.7,75.5,59.1,10.3,3.9,7.12,378,35,1,1994,320,10.00,0,2,.,2,.,.,.,.,.,.,.,.,0.84,0.15,0.99,.,23.2,.,.,.,.,.,.,.,.,.,.,.,.,23.2,.,.,.,.,.,.,20.7,22.6,25.8,0.06,0.11,0.08,0.05,.,0.13886364,.,0.13886364,.,.,.,.,.,.,.,.,.,.,.,.,.,.,.,.,.,10.4,3.8,7.1,42.7,75.5,59.1,10.3,3.9,7.12,604,45,0,1994,320,10.00,0,2,.,2,.,.,.,.,.,.,.,.,0.8,0.15,0.95,.,23.2,.,.,.,.,.,.,.,.,.,.,.,.,23.2,.,.,.,.,.,.,20.7,22.6,25.6,0,0,0.02,0.05,.,0.13886364,.,0.13886364,.,.,.,.,.,.,.,.,.,.,.,.,.,.,.,.,.,10.4,3.8,7.1,42.7,75.5,59.1,10.3,3.9,7.13,33,35,0,1994,320,10.00,-1,2,.,2,.,.,.,.,.,.,.,.,0.74,0.15,0.89,.,22.3,.,.,.,.,.,.,.,.,.,.,.,.,22.3,.,.,.,.,.,.,34.7,22.1,24.6,-0.03,-0.03,-0.19,0.06,.,0.15043561,.,0.15043561,.,.,.,.,.,.,.,.,.,.,.,.,.,.,.,.,.,10.4,3.8,7.1,42.7,75.5,59.1,10.3,3.9,7.13,178,.,.,1994,320,10.00,2,1,.,2,.,.,.,.,.,.,.,.,0.67,0.15,0.82,.,22.7,.,.,.,.,.,.,.,.,.,.,.,.,22.7,.,.,.,.,.,.,25.8,22.4,24.3,-0.05,-0.05,-0.26,0.06,.,0.145292512,.,0.145292512,.,.,.,.,.,.,.,.,.,.,.,.,.,.,.,.,.,10.4,3.8,7.1,42.7,75.5,59.1,10.3,3.9,7.13,335,35,0,1994,320,10.00,2,1,.,1,.,.,.,.,.,.,.,.,0.96,0.15,1.11,.,23.4,.,.,.,.,.,.,.,.,.,.,.,.,23.4,.,.,.,.,.,.,30.9,22.8,27,0.28,0.44,0.33,0.07,.,0.136292091,.,0.136292091,.,.,.,.,.,.,.,.,.,.,.,.,.,.,.,.,.,10.4,3.8,7.1,42.7,75.5,59.1,10.3,3.9,7.13,671,35,0,1994,320,10.00,-1,2,.,2,.,.,.,.,.,.,.,.,0.62,0.15,0.77,.,22,.,.,.,.,.,.,.,.,.,.,.,.,22,.,.,.,.,.,.,37.7,21.9,23.4,-0.08,-0.08,-0.45,0.09,.,0.154292933,.,0.154292933,.,.,.,.,.,.,.,.,.,.,.,.,.,.,.,.,.,10.4,3.8,7.1,42.7,75.5,59.1,10.3,3.9,7.13,1219,35,0,1994,320,10.00,0,2,.,2,.,.,.,.,.,.,.,.,0.64,0.15,0.79,.,22.7,.,.,.,.,.,.,.,.,.,.,.,.,22.7,.,.,.,.,.,.,26.6,22.4,24.1,-0.06,-0.06,-0.3,0.07,.,0.145292512,.,0.145292512,.,.,.,.,.,.,.,.,.,.,.,.,.,.,.,.,.,10.4,3.8,7.1,42.7,75.5,59.1,10.3,3.9,7.13,1347,25,1,1994,320,10.00,0,2,.,2,.,.,.,.,.,.,.,.,1.02,0.15,1.17,.,22.7,.,.,.,.,.,.,.,.,.,.,.,.,22.7,.,.,.,.,.,.,26.6,22.1,26.7,0.22,0.35,0.22,0.06,.,0.145292512,.,0.145292512,.,.,.,.,.,.,.,.,.,.,.,.,.,.,.,.,.,10.4,3.8,7.1,42.7,75.5,59.1,10.3,3.9,7.13,1481,45,1,1994,320,10.00,0,2,.,2,.,.,.,.,.,.,.,.,0.63,0.15,0.78,.,22.7,.,.,.,.,.,.,.,.,.,.,.,.,22.7,.,.,.,.,.,.,26.6,22.4,24.1,-0.06,-0.06,-0.32,0.07,.,0.145292512,.,0.145292512,.,.,.,.,.,.,.,.,.,.,.,.,.,.,.,.,.,10.4,3.8,7.1,42.7,75.5,59.1,10.3,3.9,7.13,1652,25,1,1994,320,10.00,0,2,.,2,.,.,.,.,.,.,.,.,0.67,0.15,0.82,.,22.7,.,.,.,.,.,.,.,.,.,.,.,.,22.7,.,.,.,.,.,.,25.8,22.4,24.3,-0.05,-0.05,-0.26,0.06,.,0.145292512,.,0.145292512,.,.,.,.,.,.,.,.,.,.,.,.,.,.,.,.,.,10.4,3.8,7.1,42.7,75.5,59.1,10.3,3.9,7.13,1739,45,1,1994,320,10.00,0,2,.,2,.,.,.,.,.,.,.,.,0.63,0.15,0.78,.,22.7,.,.,.,.,.,.,.,.,.,.,.,.,22.7,.,.,.,.,.,.,25.8,22.4,24,-0.06,-0.06,-0.33,0.07,.,0.145292512,.,0.145292512,.,.,.,.,.,.,.,.,.,.,.,.,.,.,.,.,.,10.4,3.8,7.1,42.7,75.5,59.1,10.3,3.9,7.13,1792,25,1,1994,320,10.00,-1,2,.,2,.,.,.,.,.,.,.,.,0.63,0.15,0.78,.,24.1,.,.,.,.,.,.,.,.,.,.,.,.,24.1,.,.,.,.,.,.,23.4,23.6,25.2,-0.01,-0.01,0,0.05,.,0.12729167,.,0.12729167,.,.,.,.,.,.,.,.,.,.,.,.,.,.,.,.,.,10.4,3.8,7.1,42.7,75.5,59.1,10.3,3.9,7.13,1996,25,1,1994,320,10.00,1,2,.,2,.,.,.,.,.,.,.,.,0.41,0.15,0.56,.,23.4,.,.,.,.,.,.,.,.,.,.,.,.,23.4,.,.,.,.,.,.,30.9,23.2,23,-0.11,-0.11,-0.54,0.11,.,0.136292091,.,0.136292091,.,.,.,.,.,.,.,.,.,.,.,.,.,.,.,.,.,10.4,3.8,7.1,42.7,75.5,59.1,10.3,3.9,7.11,281,45,1,1994,320,11.00,0,2,.,2,.,.,.,.,.,.,.,.,1.08,0.15,1.23,.,22.7,.,.,.,.,.,.,.,.,.,.,.,.,22.7,.,.,.,.,.,.,22.9,21.9,27,0.27,0.42,0.26,0.06,.,0.145292512,.,0.145292512,.,.,.,.,.,.,.,.,.,.,.,.,.,.,.,.,.,10.4,5.9,8.15,42.7,63.3,53,10.3,5.9,8.11,552,35,0,1994,320,11.00,1,2,.,1,.,.,.,.,.,.,.,.,0.62,0.15,0.77,.,22.7,.,.,.,.,.,.,.,.,.,.,.,.,22.7,.,.,.,.,.,.,22.9,22.4,23.9,-0.07,-0.07,-0.36,0.08,.,0.145292512,.,0.145292512,.,.,.,.,.,.,.,.,.,.,.,.,.,.,.,.,.,10.4,5.9,8.15,42.7,63.3,53,10.3,5.9,8.12,506,45,1,1994,320,11.00,-1,2,.,2,.,.,.,.,.,.,.,.,0.57,0.15,0.72,.,23.2,.,.,.,.,.,.,.,.,.,.,.,.,23.2,.,.,.,.,.,.,20.7,22.8,24,-0.06,-0.06,-0.34,0.07,.,0.13886364,.,0.13886364,.,.,.,.,.,.,.,.,.,.,.,.,.,.,.,.,.,10.4,5.9,8.15,42.7,63.3,53,10.3,5.9,8.13,468,35,0,1994,320,11.00,1,2,.,2,.,.,.,.,.,.,.,.,0.96,0.15,1.11,.,22.7,.,.,.,.,.,.,.,.,.,.,.,.,22.7,.,.,.,.,.,.,34.8,22.3,26.5,0.18,0.3,0.2,0.06,.,0.145292512,.,0.145292512,.,.,.,.,.,.,.,.,.,.,.,.,.,.,.,.,.,10.4,5.9,8.15,42.7,63.3,53,10.3,5.9,8.13,551,45,0,1994,320,11.00,0,2,.,2,.,.,.,.,.,.,.,.,0.51,0.15,0.66,.,22.3,.,.,.,.,.,.,.,.,.,.,.,.,22.3,.,.,.,.,.,.,37.2,22.1,22.8,-0.11,-0.11,-0.6,0.12,.,0.15043561,.,0.15043561,.,.,.,.,.,.,.,.,.,.,.,.,.,.,.,.,.,10.4,5.9,8.15,42.7,63.3,53,10.3,5.9,8.13,607,55,0,1994,320,11.00,0,2,.,2,.,.,.,.,.,.,.,.,0.93,0.15,1.08,.,22.3,.,.,.,.,.,.,.,.,.,.,.,.,22.3,.,.,.,.,.,.,37.2,22,26,0.07,0.15,0.09,0.05,.,0.15043561,.,0.15043561,.,.,.,.,.,.,.,.,.,.,.,.,.,.,.,.,.,10.4,5.9,8.15,42.7,63.3,53,10.3,5.9,8.13,1026,25,0,1994,320,12.00,0,2,.,2,.,.,.,.,.,.,.,.,0.57,0.15,0.72,.,24.5,.,.,.,.,.,.,.,.,.,.,.,.,24.5,.,.,.,.,.,.,28.4,24.1,25.2,-0.01,-0.01,0.05,0.05,.,0.122148572,.,0.122148572,.,.,.,.,.,.,.,.,.,.,.,.,.,.,.,.,.,10.4,7.7,9.05,42.7,54.2,48.45,10.3,7.7,91,35,45,0,1994,320,15.00,1,2,.,1,.,.,.,.,.,.,.,.,1.06,0.15,1.21,.,23.8,.,.,.,.,.,.,.,.,.,.,.,.,23.8,.,.,.,.,.,.,20,22.8,27.6,0.4,0.6,0.44,0.09,.,0.131148993,.,0.131148993,.,.,.,.,.,.,.,.,.,.,.,.,.,.,.,.,.,10.4,10.4,10.4,42.7,42.7,42.7,10.3,10.3,10.31,96,45,0,1994,320,15.00,1,2,.,2,.,.,.,.,.,.,.,.,0.62,0.15,0.77,.,23.8,.,.,.,.,.,.,.,.,.,.,.,.,23.8,.,.,.,.,.,.,20,23.4,24.9,-0.02,-0.02,-0.11,0.05,.,0.131148993,.,0.131148993,.,.,.,.,.,.,.,.,.,.,.,.,.,.,.,.,.,10.4,10.4,10.4,42.7,42.7,42.7,10.3,10.3,10.31,145,35,0,1994,320,15.00,2,1,.,1,.,.,.,.,.,.,.,.,0.96,0.15,1.11,.,23.8,.,.,.,.,.,.,.,.,.,.,.,.,23.8,.,.,.,.,.,.,20,22.9,27,0.3,0.44,0.34,0.07,.,0.131148993,.,0.131148993,.,.,.,.,.,.,.,.,.,.,.,.,.,.,.,.,.,10.4,10.4,10.4,42.7,42.7,42.7,10.3,10.3,10.31,282,45,1,1994,320,15.00,3,1,.,1,.,.,.,.,.,.,.,.,1.05,0.15,1.2,.,23.8,.,.,.,.,.,.,.,.,.,.,.,.,23.8,.,.,.,.,.,.,20,22.8,27.6,0.39,0.58,0.43,0.09,.,0.131148993,.,0.131148993,.,.,.,.,.,.,.,.,.,.,.,.,.,.,.,.,.,10.4,10.4,10.4,42.7,42.7,42.7,10.3,10.3,10.31,405,45,0,1994,320,15.00,1,2,.,1,.,.,.,.,.,.,.,.,0.66,0.15,0.81,.,23.8,.,.,.,.,.,.,.,.,.,.,.,.,23.8,.,.,.,.,.,.,20,23.3,25.2,-0.01,-0.01,-0.04,0.05,.,0.131148993,.,0.131148993,.,.,.,.,.,.,.,.,.,.,.,.,.,.,.,.,.,10.4,10.4,10.4,42.7,42.7,42.7,10.3,10.3,10.31,615,35,0,1994,320,15.00,1,2,.,2,.,.,.,.,.,.,.,.,0.64,0.15,0.79,.,23.8,.,.,.,.,.,.,.,.,.,.,.,.,23.8,.,.,.,.,.,.,20,23.4,25,-0.01,-0.01,-0.07,0.05,.,0.131148993,.,0.131148993,.,.,.,.,.,.,.,.,.,.,.,.,.,.,.,.,.,10.4,10.4,10.4,42.7,42.7,42.7,10.3,10.3,10.32,95,25,1,1994,320,15.00,0,2,.,2,.,.,.,.,.,.,.,.,0.46,0.15,0.61,.,23.2,.,.,.,.,.,.,.,.,.,.,.,.,23.2,.,.,.,.,.,.,20,22.8,23.1,-0.11,-0.11,-0.56,0.12,.,0.13886364,.,0.13886364,.,.,.,.,.,.,.,.,.,.,.,.,.,.,.,.,.,10.4,10.4,10.4,42.7,42.7,42.7,10.3,10.3,10.33,34,35,0,1994,320,15.00,1,2,.,1,.,.,.,.,.,.,.,.,0.74,0.15,0.89,.,25.2,.,.,.,.,.,.,.,.,.,.,.,.,25.2,.,.,.,.,.,.,26.7,24.5,26.9,0.32,0.43,0.45,0.09,.,0.113148151,.,0.113148151,.,.,.,.,.,.,.,.,.,.,.,.,.,.,.,.,.,10.4,10.4,10.4,42.7,42.7,42.7,10.3,10.3,10.33,336,35,0,1994,320,15.00,1,2,.,1,.,.,.,.,.,.,.,.,0.28,0.15,0.43,.,24.1,.,.,.,.,.,.,.,.,.,.,.,.,24.1,.,.,.,.,.,.,26.8,23.8,22.6,-0.13,-0.13,-0.65,0.14,.,0.12729167,.,0.12729167,.,.,.,.,.,.,.,.,.,.,.,.,.,.,.,.,.,10.4,10.4,10.4,42.7,42.7,42.7,10.3,10.3,10.33,733,35,0,1994,320,15.00,1,2,.,2,.,.,.,.,.,.,.,.,0.7,0.15,0.85,.,23.4,.,.,.,.,.,.,.,.,.,.,.,.,23.4,.,.,.,.,.,.,32.1,23.1,25.3,-0.01,-0.01,0,0.05,.,0.136292091,.,0.136292091,.,.,.,.,.,.,.,.,.,.,.,.,.,.,.,.,.,10.4,10.4,10.4,42.7,42.7,42.7,10.3,10.3,10.33,1281,25,1,1994,320,15.00,-1,2,.,3,.,.,.,.,.,.,.,.,0.79,0.15,0.94,.,23,.,.,.,.,.,.,.,.,.,.,.,.,23,.,.,.,.,.,.,24.1,22.5,25.4,0,0,-0.02,0.05,.,0.141435189,.,0.141435189,.,.,.,.,.,.,.,.,.,.,.,.,.,.,.,.,.,10.4,10.4,10.4,42.7,42.7,42.7,10.3,10.3,10.33,1653,25,1,1994,320,15.00,0,2,.,2,.,.,.,.,.,.,.,.,0.67,0.15,0.82,.,23.4,.,.,.,.,.,.,.,.,.,.,.,.,23.4,.,.,.,.,.,.,22.2,23.1,24.9,-0.02,-0.02,-0.11,0.05,.,0.136292091,.,0.136292091,.,.,.,.,.,.,.,.,.,.,.,.,.,.,.,.,.,10.4,10.4,10.4,42.7,42.7,42.7,10.3,10.3,10.33,1740,45,1,1994,320,15.00,0,2,.,2,.,.,.,.,.,.,.,.,0.63,0.15,0.78,.,23.4,.,.,.,.,.,.,.,.,.,.,.,.,23.4,.,.,.,.,.,.,22.2,23.1,24.6,-0.03,-0.03,-0.18,0.06,.,0.136292091,.,0.136292091,.,.,.,.,.,.,.,.,.,.,.,.,.,.,.,.,.,10.4,10.4,10.4,42.7,42.7,42.7,10.3,10.3,10.33,1793,25,1,1994,320,15.00,1,2,.,2,.,.,.,.,.,.,.,.,0.63,0.15,0.78,.,24.8,.,.,.,.,.,.,.,.,.,.,.,.,24.8,.,.,.,.,.,.,19.6,24.1,25.7,0.07,0.12,0.16,0.06,.,0.118291249,.,0.118291249,.,.,.,.,.,.,.,.,.,.,.,.,.,.,.,.,.,10.4,10.4,10.4,42.7,42.7,42.7,10.3,10.3,10.31,210,45,0,1994,320,16.00,0,2,.,2,.,.,.,.,.,.,.,.,0.64,0.15,0.79,.,23,.,.,.,.,.,.,.,.,.,.,.,.,23,.,.,.,.,.,.,18.9,22.6,24.3,-0.05,-0.05,-0.28,0.07,.,0.141435189,.,0.141435189,.,.,.,.,.,.,.,.,.,.,.,.,.,.,.,.,.,10.4,9.3,9.85,42.7,45.6,44.15,10.3,9.2,9.752,759,55,0,1994,320,16.00,0,2,.,2,.,.,.,.,.,.,.,.,0.62,0.15,0.77,.,23.2,.,.,.,.,.,.,.,.,.,.,.,.,23.2,.,.,.,.,.,.,20,22.8,24.4,-0.05,-0.05,-0.26,0.06,.,0.13886364,.,0.13886364,.,.,.,.,.,.,.,.,.,.,.,.,.,.,.,.,.,10.4,9.3,9.85,42.7,45.6,44.15,10.3,9.2,9.753,234,35,0,1994,320,16.00,0,2,.,2,.,.,.,.,.,.,.,.,0.49,0.15,0.64,.,23.8,.,.,.,.,.,.,.,.,.,.,.,.,23.8,.,.,.,.,.,.,26.8,23.5,24,-0.06,-0.06,-0.29,0.07,.,0.131148993,.,0.131148993,.,.,.,.,.,.,.,.,.,.,.,.,.,.,.,.,.,10.4,9.3,9.85,42.7,45.6,44.15,10.3,9.2,9.753,608,55,0,1994,320,16.00,0,2,.,2,.,.,.,.,.,.,.,.,0.93,0.15,1.08,.,23.8,.,.,.,.,.,.,.,.,.,.,.,.,23.8,.,.,.,.,.,.,31.1,23.2,27.1,0.31,0.48,0.38,0.08,.,0.131148993,.,0.131148993,.,.,.,.,.,.,.,.,.,.,.,.,.,.,.,.,.,10.4,9.3,9.85,42.7,45.6,44.15,10.3,9.2,9.753,1027,25,0,1994,320,16.00,0,2,.,2,.,.,.,.,.,.,.,.,0.62,0.15,0.77,.,23.8,.,.,.,.,.,.,.,.,.,.,.,.,23.8,.,.,.,.,.,.,26.8,23.5,25,-0.01,-0.01,-0.06,0.05,.,0.131148993,.,0.131148993,.,.,.,.,.,.,.,.,.,.,.,.,.,.,.,.,.,10.4,9.3,9.85,42.7,45.6,44.15,10.3,9.2,9.753,1087,35,1,1994,320,16.00,0,2,.,2,.,.,.,.,.,.,.,.,1.14,0.15,1.29,.,23,.,.,.,.,.,.,.,.,.,.,.,.,23,.,.,.,.,.,.,22.2,22.1,27.6,0.37,0.58,0.37,0.08,.,0.141435189,.,0.141435189,.,.,.,.,.,.,.,.,.,.,.,.,.,.,.,.,.,10.4,9.3,9.85,42.7,45.6,44.15,10.3,9.3,9.83,1128,.,.,1994,320,16.00,2,1,.,2,.,.,.,.,.,.,.,.,0.82,0.15,0.97,.,23,.,.,.,.,.,.,.,.,.,.,.,.,23,.,.,.,.,.,.,24.1,22.5,25.6,0,0,0.02,0.05,.,0.141435189,.,0.141435189,.,.,.,.,.,.,.,.,.,.,.,.,.,.,.,.,.,10.4,9.3,9.85,42.7,45.6,44.15,10.3,9.2,9.751,36,45,0,1994,321,11.00,-1,2,.,2,.,.,.,.,.,.,.,.,0.7,0.15,0.85,.,23,.,.,.,.,.,.,.,.,.,.,.,.,23,.,.,.,.,.,.,25.5,22.7,24.8,-0.02,-0.02,-0.14,0.05,.,0.141435189,.,0.141435189,.,.,.,.,.,.,.,.,.,.,.,.,.,.,.,.,.,10.4,5.5,7.95,43.5,73.9,58.7,10.3,5.6,7.951,97,45,0,1994,321,11.00,0,2,.,2,.,.,.,.,.,.,.,.,0.91,0.15,1.06,.,23,.,.,.,.,.,.,.,.,.,.,.,.,23,.,.,.,.,.,.,25.5,22.4,26.2,0.13,0.22,0.15,0.05,.,0.141435189,.,0.141435189,.,.,.,.,.,.,.,.,.,.,.,.,.,.,.,.,.,10.4,5.5,7.95,43.5,73.9,58.7,10.3,5.6,7.951,616,35,0,1994,321,11.00,1,2,.,2,.,.,.,.,.,.,.,.,0.66,0.15,0.81,.,23,.,.,.,.,.,.,.,.,.,.,.,.,23,.,.,.,.,.,.,25.5,22.7,24.5,-0.04,-0.04,-0.2,0.06,.,0.141435189,.,0.141435189,.,.,.,.,.,.,.,.,.,.,.,.,.,.,.,.,.,10.4,5.5,7.95,43.5,73.9,58.7,10.3,5.6,7.952,508,45,1,1994,321,11.00,-1,2,.,2,.,.,.,.,.,.,.,.,0.41,0.15,0.56,.,23.6,.,.,.,.,.,.,.,.,.,.,.,.,23.6,.,.,.,.,.,.,21.3,23.2,23.1,-0.11,-0.11,-0.55,0.11,.,0.133720542,.,0.133720542,.,.,.,.,.,.,.,.,.,.,.,.,.,.,.,.,.,10.4,5.5,7.95,43.5,73.9,58.7,10.3,5.6,7.952,554,35,0,1994,321,11.00,0,2,.,2,.,.,.,.,.,.,.,.,1.06,0.15,1.21,.,23.6,.,.,.,.,.,.,.,.,.,.,.,.,23.6,.,.,.,.,.,.,21.3,22.7,27.5,0.37,0.57,0.41,0.08,.,0.133720542,.,0.133720542,.,.,.,.,.,.,.,.,.,.,.,.,.,.,.,.,.,10.4,5.5,7.95,43.5,73.9,58.7,10.3,5.6,7.952,606,45,0,1994,321,11.00,0,2,.,2,.,.,.,.,.,.,.,.,0.8,0.15,0.95,.,23.6,.,.,.,.,.,.,.,.,.,.,.,.,23.6,.,.,.,.,.,.,21.3,23,25.9,0.08,0.14,0.11,0.05,.,0.133720542,.,0.133720542,.,.,.,.,.,.,.,.,.,.,.,.,.,.,.,.,.,10.4,5.5,7.95,43.5,73.9,58.7,10.3,5.6,7.953,553,45,0,1994,321,11.00,0,2,.,.,.,.,.,.,.,.,.,.,0.93,0.15,1.08,.,21.6,.,.,.,.,.,.,.,.,.,.,.,.,21.6,.,.,.,.,.,.,32.4,21.3,25.3,-0.01,-0.01,-0.08,0.05,.,0.159436031,.,0.159436031,.,.,.,.,.,.,.,.,.,.,.,.,.,.,.,.,.,10.4,5.5,7.95,43.5,73.9,58.7,10.3,5.6,7.953,811,25,1,1994,321,11.00,-1,2,.,3,.,.,.,.,.,.,.,.,1,0.15,1.15,.,22,.,.,.,.,.,.,.,.,.,.,.,.,22,.,.,.,.,.,.,28.4,21.5,26,0.08,0.15,0.06,0.05,.,0.154292933,.,0.154292933,.,.,.,.,.,.,.,.,.,.,.,.,.,.,.,.,.,10.4,5.5,7.95,43.5,73.9,58.7,10.3,5.6,7.953,1028,25,0,1994,321,11.00,0,2,.,2,.,.,.,.,.,.,.,.,0.62,0.15,0.77,.,23.8,.,.,.,.,.,.,.,.,.,.,.,.,23.8,.,.,.,.,.,.,25.7,23.5,25,-0.02,-0.02,-0.07,0.05,.,0.131148993,.,0.131148993,.,.,.,.,.,.,.,.,.,.,.,.,.,.,.,.,.,10.4,5.5,7.95,43.5,73.9,58.7,10.3,5.6,7.953,1220,35,0,1994,321,11.00,0,2,.,2,.,.,.,.,.,.,.,.,0.64,0.15,0.79,.,22.7,.,.,.,.,.,.,.,.,.,.,.,.,22.7,.,.,.,.,.,.,25.6,22.4,24.1,-0.06,-0.06,-0.31,0.07,.,0.145292512,.,0.145292512,.,.,.,.,.,.,.,.,.,.,.,.,.,.,.,.,.,10.4,5.5,7.95,43.5,73.9,58.7,10.3,5.6,7.953,1282,25,1,1994,321,11.00,1,2,.,2,.,.,.,.,.,.,.,.,0.72,0.15,0.87,.,22.7,.,.,.,.,.,.,.,.,.,.,.,.,22.7,.,.,.,.,.,.,25.6,22.4,24.7,-0.03,-0.03,-0.18,0.06,.,0.145292512,.,0.145292512,.,.,.,.,.,.,.,.,.,.,.,.,.,.,.,.,.,10.4,5.5,7.95,43.5,73.9,58.7,10.3,5.6,7.953,1348,25,1,1994,321,11.00,1,2,.,2,.,.,.,.,.,.,.,.,0.61,0.15,0.76,.,22.7,.,.,.,.,.,.,.,.,.,.,.,.,22.7,.,.,.,.,.,.,25.6,22.4,23.9,-0.07,-0.07,-0.36,0.08,.,0.145292512,.,0.145292512,.,.,.,.,.,.,.,.,.,.,.,.,.,.,.,.,.,10.4,5.5,7.95,43.5,73.9,58.7,10.3,5.6,7.953,1553,.,.,1994,321,11.00,0,2,.,2,.,.,.,.,.,.,.,.,1.06,0.15,1.21,.,23.8,.,.,.,.,.,.,.,.,.,.,.,.,23.8,.,.,.,.,.,.,22.4,22.9,27.7,0.41,0.62,0.45,0.09,.,0.131148993,.,0.131148993,.,.,.,.,.,.,.,.,.,.,.,.,.,.,.,.,.,10.4,5.5,7.95,43.5,73.9,58.7,10.3,5.6,7.953,1654,25,1,1994,321,11.00,0,2,.,2,.,.,.,.,.,.,.,.,0.62,0.15,0.77,.,23,.,.,.,.,.,.,.,.,.,.,.,.,23,.,.,.,.,.,.,23.2,22.7,24.2,-0.05,-0.05,-0.29,0.07,.,0.141435189,.,0.141435189,.,.,.,.,.,.,.,.,.,.,.,.,.,.,.,.,.,10.4,5.5,7.95,43.5,73.9,58.7,10.3,5.6,7.953,1741,45,1,1994,321,11.00,0,2,.,2,.,.,.,.,.,.,.,.,0.5,0.15,0.65,.,23,.,.,.,.,.,.,.,.,.,.,.,.,23,.,.,.,.,.,.,23.2,22.7,23.3,-0.1,-0.1,-0.51,0.1,.,0.141435189,.,0.141435189,.,.,.,.,.,.,.,.,.,.,.,.,.,.,.,.,.,10.4,5.5,7.95,43.5,73.9,58.7,10.3,5.6,7.954,29,35,1,1994,321,11.00,0,2,.,2,.,.,.,.,.,.,.,.,0.42,0.15,0.57,.,23.8,.,.,.,.,.,.,.,.,.,.,.,.,23.8,.,.,.,.,.,.,21.3,23.4,23.4,-0.09,-0.09,-0.47,0.1,.,0.131148993,.,0.131148993,.,.,.,.,.,.,.,.,.,.,.,.,.,.,.,.,.,10.4,5.5,7.95,43.5,73.9,58.7,10.3,5.6,7.951,211,45,0,1994,321,12.00,0,2,.,2,.,.,.,.,.,.,.,.,0.64,0.15,0.79,.,23.4,.,.,.,.,.,.,.,.,.,.,.,.,23.4,.,.,.,.,.,.,23,23.1,24.7,-0.03,-0.03,-0.15,0.05,.,0.136292091,.,0.136292091,.,.,.,.,.,.,.,.,.,.,.,.,.,.,.,.,.,10.4,7.3,8.85,43.5,58.7,51.1,10.3,7.3,8.81,477,45,0,1994,321,12.00,-1,2,.,3,.,.,.,.,.,.,.,.,1.06,0.15,1.21,.,23.4,.,.,.,.,.,.,.,.,.,.,.,.,23.4,.,.,.,.,.,.,23,22.5,27.4,0.35,0.54,0.38,0.08,.,0.136292091,.,0.136292091,.,.,.,.,.,.,.,.,.,.,.,.,.,.,.,.,.,10.4,7.3,8.85,43.5,58.7,51.1,10.3,7.3,8.82,96,25,1,1994,321,12.00,0,2,.,2,.,.,.,.,.,.,.,.,0.41,0.15,0.56,.,23.6,.,.,.,.,.,.,.,.,.,.,.,.,23.6,.,.,.,.,.,.,20.6,23.2,23.1,-0.11,-0.11,-0.55,0.11,.,0.133720542,.,0.133720542,.,.,.,.,.,.,.,.,.,.,.,.,.,.,.,.,.,10.4,7.3,8.85,43.5,58.7,51.1,10.3,7.3,8.82,171,45,1,1994,321,12.00,0,2,.,2,.,.,.,.,.,.,.,.,1.29,0.15,1.44,.,23.6,.,.,.,.,.,.,.,.,.,.,.,.,23.6,.,.,.,.,.,.,20.6,22.4,28.8,0.57,0.93,0.61,0.13,.,0.133720542,.,0.133720542,.,.,.,.,.,.,.,.,.,.,.,.,.,.,.,.,.,10.4,7.3,8.85,43.5,58.7,51.1,10.3,7.3,8.82,760,55,0,1994,321,12.00,1,2,.,2,.,.,.,.,.,.,.,.,0.62,0.15,0.77,.,23.6,.,.,.,.,.,.,.,.,.,.,.,.,23.6,.,.,.,.,.,.,20.6,23.2,24.7,-0.03,-0.03,-0.15,0.05,.,0.133720542,.,0.133720542,.,.,.,.,.,.,.,.,.,.,.,.,.,.,.,.,.,10.4,7.3,8.85,43.5,58.7,51.1,10.3,7.3,8.83,1794,25,1,1994,321,12.00,-1,2,.,3,.,.,.,.,.,.,.,.,0.58,0.15,0.73,.,23.8,.,.,.,.,.,.,.,.,.,.,.,.,23.8,.,.,.,.,.,.,22.4,23.4,24.7,-0.03,-0.03,-0.16,0.06,.,0.131148993,.,0.131148993,.,.,.,.,.,.,.,.,.,.,.,.,.,.,.,.,.,10.4,7.3,8.85,43.5,58.7,51.1,10.3,7.3,8.84,30,35,1,1994,321,12.00,-1,2,.,3,.,.,.,.,.,.,.,.,0.42,0.15,0.57,.,23.8,.,.,.,.,.,.,.,.,.,.,.,.,23.8,.,.,.,.,.,.,21.3,23.4,23.4,-0.09,-0.09,-0.47,0.1,.,0.131148993,.,0.131148993,.,.,.,.,.,.,.,.,.,.,.,.,.,.,.,.,.,10.4,7.3,8.85,43.5,58.7,51.1,10.3,7.3,8.81,98,45,0,1994,321,14.00,1,2,.,2,.,.,.,.,.,.,.,.,0.96,0.15,1.11,.,23.8,.,.,.,.,.,.,.,.,.,.,.,.,23.8,.,.,.,.,.,.,21.5,23,27.1,0.31,0.45,0.35,0.08,.,0.131148993,.,0.131148993,.,.,.,.,.,.,.,.,.,.,.,.,.,.,.,.,.,10.4,10.2,10.3,43.5,43.3,43.4,10.3,10.1,10.21,407,45,0,1994,321,14.00,0,2,.,2,.,.,.,.,.,.,.,.,0.66,0.15,0.81,.,23.8,.,.,.,.,.,.,.,.,.,.,.,.,23.8,.,.,.,.,.,.,21.5,23.3,25.2,-0.01,-0.01,-0.03,0.05,.,0.131148993,.,0.131148993,.,.,.,.,.,.,.,.,.,.,.,.,.,.,.,.,.,10.4,10.2,10.3,43.5,43.3,43.4,10.3,10.1,10.21,478,45,0,1994,321,14.00,0,2,.,2,.,.,.,.,.,.,.,.,0.72,0.15,0.87,.,23.8,.,.,.,.,.,.,.,.,.,.,.,.,23.8,.,.,.,.,.,.,21.5,23.2,25.6,0,0.05,0.06,0.05,.,0.131148993,.,0.131148993,.,.,.,.,.,.,.,.,.,.,.,.,.,.,.,.,.,10.4,10.2,10.3,43.5,43.3,43.4,10.3,10.1,10.22,97,25,1,1994,321,14.00,0,2,.,2,.,.,.,.,.,.,.,.,0.41,0.15,0.56,.,23.2,.,.,.,.,.,.,.,.,.,.,.,.,23.2,.,.,.,.,.,.,19.1,22.8,22.7,-0.13,-0.13,-0.68,0.15,.,0.13886364,.,0.13886364,.,.,.,.,.,.,.,.,.,.,.,.,.,.,.,.,.,10.4,10.2,10.3,43.5,43.3,43.4,10.3,10.1,10.22,451,55,1,1994,321,14.00,-1,2,.,2,.,.,.,.,.,.,.,.,0.58,0.15,0.73,.,23.2,.,.,.,.,.,.,.,.,.,.,.,.,23.2,.,.,.,.,.,.,19.1,22.8,24,-0.06,-0.06,-0.33,0.07,.,0.13886364,.,0.13886364,.,.,.,.,.,.,.,.,.,.,.,.,.,.,.,.,.,10.4,10.2,10.3,43.5,43.3,43.4,10.3,10.1,10.22,761,55,0,1994,321,14.00,0,2,.,2,.,.,.,.,.,.,.,.,0.62,0.15,0.77,.,23.2,.,.,.,.,.,.,.,.,.,.,.,.,23.2,.,.,.,.,.,.,19.1,22.8,24.3,-0.05,-0.05,-0.26,0.06,.,0.13886364,.,0.13886364,.,.,.,.,.,.,.,.,.,.,.,.,.,.,.,.,.,10.4,10.2,10.3,43.5,43.3,43.4,10.3,10.1,10.23,235,35,0,1994,321,14.00,0,2,.,2,.,.,.,.,.,.,.,.,0.83,0.15,0.98,.,24.1,.,.,.,.,.,.,.,.,.,.,.,.,24.1,.,.,.,.,.,.,26.8,23.5,26.6,0.23,0.34,0.3,0.07,.,0.12729167,.,0.12729167,.,.,.,.,.,.,.,.,.,.,.,.,.,.,.,.,.,10.4,10.2,10.3,43.5,43.3,43.4,10.3,10.1,10.23,395,45,0,1994,321,14.00,0,2,.,2,.,.,.,.,.,.,.,.,0.4,0.15,0.55,.,23.8,.,.,.,.,.,.,.,.,.,.,.,.,23.8,.,.,.,.,.,.,20.5,23.4,23.2,-0.1,-0.1,-0.51,0.11,.,0.131148993,.,0.131148993,.,.,.,.,.,.,.,.,.,.,.,.,.,.,.,.,.,10.4,10.2,10.3,43.5,43.3,43.4,10.3,10.1,10.23,554,45,0,1994,321,14.00,1,2,.,1,.,.,.,.,.,.,.,.,0.93,0.15,1.08,.,22.3,.,.,.,.,.,.,.,.,.,.,.,.,22.3,.,.,.,.,.,.,33.5,22,25.9,0.06,0.13,0.08,0.05,.,0.15043561,.,0.15043561,.,.,.,.,.,.,.,.,.,.,.,.,.,.,.,.,.,10.4,10.2,10.3,43.5,43.3,43.4,10.3,10.1,10.23,672,35,0,1994,321,14.00,1,2,.,2,.,.,.,.,.,.,.,.,0.74,0.15,0.89,.,22.3,.,.,.,.,.,.,.,.,.,.,.,.,22.3,.,.,.,.,.,.,33.5,22.1,24.6,-0.03,-0.03,-0.19,0.06,.,0.15043561,.,0.15043561,.,.,.,.,.,.,.,.,.,.,.,.,.,.,.,.,.,10.4,10.2,10.3,43.5,43.3,43.4,10.3,10.1,10.23,1029,25,0,1994,321,14.00,2,1,.,1,.,.,.,.,.,.,.,.,0.62,0.15,0.77,.,24.5,.,.,.,.,.,.,.,.,.,.,.,.,24.5,.,.,.,.,.,.,26.8,24,25.6,0.02,0.07,0.12,0.05,.,0.122148572,.,0.122148572,.,.,.,.,.,.,.,.,.,.,.,.,.,.,.,.,.,10.4,10.2,10.3,43.5,43.3,43.4,10.3,10.1,10.23,1175,45,1,1994,321,14.00,0,2,.,2,.,.,.,.,.,.,.,.,0.59,0.15,0.74,.,23,.,.,.,.,.,.,.,.,.,.,.,.,23,.,.,.,.,.,.,24.6,22.7,24,-0.06,-0.06,-0.33,0.07,.,0.141435189,.,0.141435189,.,.,.,.,.,.,.,.,.,.,.,.,.,.,.,.,.,10.4,10.2,10.3,43.5,43.3,43.4,10.3,10.1,10.23,1221,35,0,1994,321,14.00,0,2,.,2,.,.,.,.,.,.,.,.,0.64,0.15,0.79,.,22.7,.,.,.,.,.,.,.,.,.,.,.,.,22.7,.,.,.,.,.,.,25.1,22.4,24.1,-0.06,-0.06,-0.31,0.07,.,0.145292512,.,0.145292512,.,.,.,.,.,.,.,.,.,.,.,.,.,.,.,.,.,10.4,10.2,10.3,43.5,43.3,43.4,10.3,10.1,10.23,1483,45,1,1994,321,14.00,1,2,.,1,.,.,.,.,.,.,.,.,1,0.15,1.15,.,22.7,.,.,.,.,.,.,.,.,.,.,.,.,22.7,.,.,.,.,.,.,25.1,22.1,26.6,0.19,0.3,0.19,0.06,.,0.145292512,.,0.145292512,.,.,.,.,.,.,.,.,.,.,.,.,.,.,.,.,.,10.4,10.2,10.3,43.5,43.3,43.4,10.3,10.1,10.23,1655,25,1,1994,321,14.00,0,2,.,2,.,.,.,.,.,.,.,.,0.62,0.15,0.77,.,23.4,.,.,.,.,.,.,.,.,.,.,.,.,23.4,.,.,.,.,.,.,22.7,23.1,24.6,-0.03,-0.03,-0.19,0.06,.,0.136292091,.,0.136292091,.,.,.,.,.,.,.,.,.,.,.,.,.,.,.,.,.,10.4,10.2,10.3,43.5,43.3,43.4,10.3,10.1,10.23,1742,45,1,1994,321,14.00,0,2,.,2,.,.,.,.,.,.,.,.,0.5,0.15,0.65,.,23.4,.,.,.,.,.,.,.,.,.,.,.,.,23.4,.,.,.,.,.,.,22.7,23.1,23.7,-0.08,-0.08,-0.4,0.08,.,0.136292091,.,0.136292091,.,.,.,.,.,.,.,.,.,.,.,.,.,.,.,.,.,10.4,10.2,10.3,43.5,43.3,43.4,10.3,10.1,10.23,1795,25,1,1994,321,14.00,1,2,.,2,.,.,.,.,.,.,.,.,0.45,0.15,0.6,.,23.8,.,.,.,.,.,.,.,.,.,.,.,.,23.8,.,.,.,.,.,.,20.5,23.4,23.6,-0.08,-0.08,-0.41,0.08,.,0.131148993,.,0.131148993,.,.,.,.,.,.,.,.,.,.,.,.,.,.,.,.,.,10.4,10.2,10.3,43.5,43.3,43.4,10.3,10.1,10.23,1918,.,.,1994,321,14.00,3,1,.,1,.,.,.,.,.,.,.,.,1,0.15,1.15,.,23.4,.,.,.,.,.,.,.,.,.,.,.,.,23.4,.,.,.,.,.,.,22.7,22.6,27.1,0.29,0.44,0.32,0.07,.,0.136292091,.,0.136292091,.,.,.,.,.,.,.,.,.,.,.,.,.,.,.,.,.,10.4,10.2,10.3,43.5,43.3,43.4,10.3,10.1,10.21,37,45,0,1994,321,15.00,2,1,.,1,.,.,.,.,.,.,.,.,0.7,0.15,0.85,.,24.5,.,.,.,.,.,.,.,.,.,.,.,.,24.5,.,.,.,.,.,.,21.5,23.8,26,0.12,0.18,0.2,0.06,.,0.122148572,.,0.122148572,.,.,.,.,.,.,.,.,.,.,.,.,.,.,.,.,.,10.4,10.4,10.4,43.5,43.5,43.5,10.3,10.3,10.31,146,35,0,1994,321,15.00,2,1,.,1,.,.,.,.,.,.,.,.,0.54,0.15,0.69,.,24.5,.,.,.,.,.,.,.,.,.,.,.,.,24.5,.,.,.,.,.,.,21.5,24.1,25,-0.02,-0.02,-0.04,0.05,.,0.122148572,.,0.122148572,.,.,.,.,.,.,.,.,.,.,.,.,.,.,.,.,.,10.4,10.4,10.4,43.5,43.5,43.5,10.3,10.3,10.31,555,35,0,1994,321,15.00,1,2,.,1,.,.,.,.,.,.,.,.,0.62,0.15,0.77,.,24.5,.,.,.,.,.,.,.,.,.,.,.,.,24.5,.,.,.,.,.,.,21.5,23.9,25.5,0,0,0.08,0.05,.,0.122148572,.,0.122148572,.,.,.,.,.,.,.,.,.,.,.,.,.,.,.,.,.,10.4,10.4,10.4,43.5,43.5,43.5,10.3,10.3,10.32,509,45,1,1994,321,15.00,0,2,.,2,.,.,.,.,.,.,.,.,0.41,0.15,0.56,.,23.2,.,.,.,.,.,.,.,.,.,.,.,.,23.2,.,.,.,.,.,.,19.1,22.8,22.7,-0.13,-0.13,-0.68,0.15,.,0.13886364,.,0.13886364,.,.,.,.,.,.,.,.,.,.,.,.,.,.,.,.,.,10.4,10.4,10.4,43.5,43.5,43.5,10.3,10.3,10.33,610,55,0,1994,321,15.00,0,2,.,2,.,.,.,.,.,.,.,.,0.93,0.15,1.08,.,22.7,.,.,.,.,.,.,.,.,.,.,.,.,22.7,.,.,.,.,.,.,32,22.3,26.2,0.13,0.22,0.15,0.05,.,0.145292512,.,0.145292512,.,.,.,.,.,.,.,.,.,.,.,.,.,.,.,.,.,10.4,10.4,10.4,43.5,43.5,43.5,10.3,10.3,10.33,1283,25,1,1994,321,15.00,0,2,.,3,.,.,.,.,.,.,.,.,0.72,0.15,0.87,.,23,.,.,.,.,.,.,.,.,.,.,.,.,23,.,.,.,.,.,.,24.6,22.7,25,-0.02,-0.02,-0.11,0.05,.,0.141435189,.,0.141435189,.,.,.,.,.,.,.,.,.,.,.,.,.,.,.,.,.,10.4,10.4,10.4,43.5,43.5,43.5,10.3,10.3,10.33,1349,25,1,1994,321,15.00,0,2,.,2,.,.,.,.,.,.,.,.,0.61,0.15,0.76,.,23,.,.,.,.,.,.,.,.,.,.,.,.,23,.,.,.,.,.,.,24.6,22.7,24.2,-0.05,-0.05,-0.29,0.07,.,0.141435189,.,0.141435189,.,.,.,.,.,.,.,.,.,.,.,.,.,.,.,.,.,10.4,10.4,10.4,43.5,43.5,43.5,10.3,10.3,10.31,38,45,0,1994,322,9.00,-1,2,.,2,.,.,.,.,.,.,.,.,0.72,0.15,0.87,.,22.3,.,.,.,.,.,.,.,.,.,.,.,.,22.3,.,.,.,.,.,.,23.9,22,24.3,-0.05,-0.05,-0.28,0.07,.,0.15043561,.,0.15043561,.,.,.,.,.,.,.,.,.,.,.,.,.,.,.,.,.,10.5,5.5,8,98.2,74.6,86.4,10.7,5.6,8.151,99,45,0,1994,322,9.00,0,2,.,2,.,.,.,.,.,.,.,.,0.91,0.15,1.06,.,22.3,.,.,.,.,.,.,.,.,.,.,.,.,22.3,.,.,.,.,.,.,23.9,21.8,25.6,0,0,-0.01,0.05,.,0.15043561,.,0.15043561,.,.,.,.,.,.,.,.,.,.,.,.,.,.,.,.,.,10.5,5.5,8,98.2,74.6,86.4,10.8,5.6,8.21,408,45,0,1994,322,9.00,-1,2,.,3,.,.,.,.,.,.,.,.,0.66,0.15,0.81,.,22.3,.,.,.,.,.,.,.,.,.,.,.,.,22.3,.,.,.,.,.,.,23.9,22,23.9,-0.07,-0.07,-0.38,0.08,.,0.15043561,.,0.15043561,.,.,.,.,.,.,.,.,.,.,.,.,.,.,.,.,.,10.5,5.5,8,98.2,74.6,86.4,10.7,5.6,8.152,452,55,1,1994,322,9.00,-1,2,.,2,.,.,.,.,.,.,.,.,0.98,0.15,1.13,.,23.2,.,.,.,.,.,.,.,.,.,.,.,.,23.2,.,.,.,.,.,.,21.4,22.4,26.7,0.23,0.35,0.24,0.06,.,0.13886364,.,0.13886364,.,.,.,.,.,.,.,.,.,.,.,.,.,.,.,.,.,10.5,5.5,8,98.2,74.6,86.4,10.8,5.6,8.22,510,45,1,1994,322,9.00,0,2,.,2,.,.,.,.,.,.,.,.,0.62,0.15,0.77,.,23.2,.,.,.,.,.,.,.,.,.,.,.,.,23.2,.,.,.,.,.,.,21.4,22.8,24.4,-0.05,-0.05,-0.25,0.06,.,0.13886364,.,0.13886364,.,.,.,.,.,.,.,.,.,.,.,.,.,.,.,.,.,10.5,5.5,8,98.2,74.6,86.4,10.7,5.6,8.152,608,45,0,1994,322,9.00,0,2,.,2,.,.,.,.,.,.,.,.,1.14,0.15,1.29,.,23.2,.,.,.,.,.,.,.,.,.,.,.,.,23.2,.,.,.,.,.,.,21.4,22.2,27.7,0.39,0.61,0.41,0.08,.,0.13886364,.,0.13886364,.,.,.,.,.,.,.,.,.,.,.,.,.,.,.,.,.,10.5,5.5,8,98.2,74.6,86.4,10.8,5.6,8.23,555,45,0,1994,322,9.00,0,2,.,2,.,.,.,.,.,.,.,.,0.51,0.15,0.66,.,21.6,.,.,.,.,.,.,.,.,.,.,.,.,21.6,.,.,.,.,.,.,31.4,21.4,22.1,-0.16,-0.16,-0.82,0.19,.,0.159436031,.,0.159436031,.,.,.,.,.,.,.,.,.,.,.,.,.,.,.,.,.,10.5,5.5,8,98.2,74.6,86.4,10.7,5.6,8.153,673,35,0,1994,322,9.00,-1,2,.,2,.,.,.,.,.,.,.,.,0.64,0.15,0.79,.,21.6,.,.,.,.,.,.,.,.,.,.,.,.,21.6,.,.,.,.,.,.,31.4,21.4,23.1,-0.1,-0.1,-0.55,0.11,.,0.159436031,.,0.159436031,.,.,.,.,.,.,.,.,.,.,.,.,.,.,.,.,.,10.5,5.5,8,98.2,74.6,86.4,10.7,5.6,8.153,734,35,0,1994,322,9.00,0,2,.,2,.,.,.,.,.,.,.,.,0.96,0.15,1.11,.,21.6,.,.,.,.,.,.,.,.,.,.,.,.,21.6,.,.,.,.,.,.,31.4,21.3,25.5,0,0,-0.05,0.05,.,0.159436031,.,0.159436031,.,.,.,.,.,.,.,.,.,.,.,.,.,.,.,.,.,10.5,5.5,8,98.2,74.6,86.4,10.8,5.6,8.23,1222,35,0,1994,322,9.00,-1,2,.,2,.,.,.,.,.,.,.,.,0.62,0.15,0.77,.,22,.,.,.,.,.,.,.,.,.,.,.,.,22,.,.,.,.,.,.,24.1,21.7,23.3,-0.1,-0.1,-0.53,0.11,.,0.154292933,.,0.154292933,.,.,.,.,.,.,.,.,.,.,.,.,.,.,.,.,.,10.5,5.5,8,98.2,74.6,86.4,10.7,5.6,8.153,1656,25,1,1994,322,9.00,0,2,.,2,.,.,.,.,.,.,.,.,0.8,0.15,0.95,.,22,.,.,.,.,.,.,.,.,.,.,.,.,22,.,.,.,.,.,.,23.6,21.7,24.6,-0.04,-0.04,-0.23,0.06,.,0.154292933,.,0.154292933,.,.,.,.,.,.,.,.,.,.,.,.,.,.,.,.,.,10.5,5.5,8,98.2,74.6,86.4,10.8,5.6,8.23,1743,45,1,1994,322,9.00,0,2,.,2,.,.,.,.,.,.,.,.,0.67,0.15,0.82,.,22,.,.,.,.,.,.,.,.,.,.,.,.,22,.,.,.,.,.,.,23.6,21.7,23.7,-0.08,-0.08,-0.44,0.09,.,0.154292933,.,0.154292933,.,.,.,.,.,.,.,.,.,.,.,.,.,.,.,.,.,10.5,5.5,8,98.2,74.6,86.4,10.7,5.6,8.153,179,.,.,1994,322,10.00,2,1,.,2,.,.,.,.,.,.,.,.,0.76,0.15,0.91,.,22.3,.,.,.,.,.,.,.,.,.,.,.,.,22.3,.,.,.,.,.,.,24.7,22,24.6,-0.03,-0.03,-0.21,0.06,.,0.15043561,.,0.15043561,.,.,.,.,.,.,.,.,.,.,.,.,.,.,.,.,.,10.5,5.5,8,98.2,84.2,91.2,10.7,5.6,8.153,1796,25,1,1994,322,10.00,0,2,.,2,.,.,.,.,.,.,.,.,1.05,0.15,1.2,.,23.4,.,.,.,.,.,.,.,.,.,.,.,.,23.4,.,.,.,.,.,.,23.9,22.6,27.4,0.35,0.53,0.38,0.08,.,0.136292091,.,0.136292091,.,.,.,.,.,.,.,.,.,.,.,.,.,.,.,.,.,10.5,5.5,8,98.2,84.2,91.2,10.8,5.6,8.24,33,35,1,1994,322,10.00,0,2,.,2,.,.,.,.,.,.,.,.,0.42,0.15,0.57,.,23,.,.,.,.,.,.,.,.,.,.,.,.,23,.,.,.,.,.,.,23.7,22.7,22.6,-0.13,-0.13,-0.68,0.15,.,0.141435189,.,0.141435189,.,.,.,.,.,.,.,.,.,.,.,.,.,.,.,.,.,10.5,5.5,8,98.2,84.2,91.2,10.7,5.6,8.151,100,45,0,1994,322,16.00,0,2,.,2,.,.,.,.,.,.,.,.,0.96,0.15,1.11,.,23,.,.,.,.,.,.,.,.,.,.,.,.,23,.,.,.,.,.,.,33.4,22.5,26.7,0.22,0.36,0.26,0.06,.,0.141435189,.,0.141435189,.,.,.,.,.,.,.,.,.,.,.,.,.,.,.,.,.,10.5,10.5,10.5,98.2,98.2,98.2,10.8,10.8,10.81,148,35,0,1994,322,16.00,0,2,.,2,.,.,.,.,.,.,.,.,0.62,0.15,0.77,.,23,.,.,.,.,.,.,.,.,.,.,.,.,23,.,.,.,.,.,.,33.4,22.8,24.3,-0.04,-0.04,-0.22,0.06,.,0.141435189,.,0.141435189,.,.,.,.,.,.,.,.,.,.,.,.,.,.,.,.,.,10.5,10.5,10.5,98.2,98.2,98.2,10.7,10.7,10.71,356,35,0,1994,322,16.00,0,2,.,2,.,.,.,.,.,.,.,.,1.04,0.15,1.19,.,23,.,.,.,.,.,.,.,.,.,.,.,.,23,.,.,.,.,.,.,33.4,22.5,27.2,0.31,0.5,0.34,0.07,.,0.141435189,.,0.141435189,.,.,.,.,.,.,.,.,.,.,.,.,.,.,.,.,.,10.5,10.5,10.5,98.2,98.2,98.2,10.8,10.8,10.81,409,45,0,1994,322,16.00,0,2,.,2,.,.,.,.,.,.,.,.,0.66,0.15,0.81,.,23,.,.,.,.,.,.,.,.,.,.,.,.,23,.,.,.,.,.,.,33.4,22.8,24.6,-0.03,-0.03,-0.16,0.06,.,0.141435189,.,0.141435189,.,.,.,.,.,.,.,.,.,.,.,.,.,.,.,.,.,10.5,10.5,10.5,98.2,98.2,98.2,10.7,10.7,10.71,480,45,0,1994,322,16.00,0,2,.,2,.,.,.,.,.,.,.,.,0.72,0.15,0.87,.,23,.,.,.,.,.,.,.,.,.,.,.,.,23,.,.,.,.,.,.,33.4,22.7,25.1,-0.01,-0.01,-0.06,0.05,.,0.141435189,.,0.141435189,.,.,.,.,.,.,.,.,.,.,.,.,.,.,.,.,.,10.5,10.5,10.5,98.2,98.2,98.2,10.7,10.7,10.72,98,25,1,1994,322,16.00,0,2,.,2,.,.,.,.,.,.,.,.,0.46,0.15,0.61,.,23.6,.,.,.,.,.,.,.,.,.,.,.,.,23.6,.,.,.,.,.,.,35.5,23.4,23.7,-0.07,-0.07,-0.34,0.07,.,0.133720542,.,0.133720542,.,.,.,.,.,.,.,.,.,.,.,.,.,.,.,.,.,10.5,10.5,10.5,98.2,98.2,98.2,10.7,10.7,10.72,245,35,1,1994,322,16.00,1,2,.,1,.,.,.,.,.,.,.,.,0.58,0.15,0.73,.,23.6,.,.,.,.,.,.,.,.,.,.,.,.,23.6,.,.,.,.,.,.,35.5,23.4,24.6,-0.03,-0.03,-0.12,0.05,.,0.133720542,.,0.133720542,.,.,.,.,.,.,.,.,.,.,.,.,.,.,.,.,.,10.5,10.5,10.5,98.2,98.2,98.2,10.7,10.7,10.72,313,45,1,1994,322,16.00,-1,2,.,2,.,.,.,.,.,.,.,.,0.92,0.15,1.07,.,23.6,.,.,.,.,.,.,.,.,.,.,.,.,23.6,.,.,.,.,.,.,35.5,23.2,27,0.29,0.45,0.36,0.08,.,0.133720542,.,0.133720542,.,.,.,.,.,.,.,.,.,.,.,.,.,.,.,.,.,10.5,10.5,10.5,98.2,98.2,98.2,10.8,10.8,10.82,453,55,1,1994,322,16.00,1,2,.,1,.,.,.,.,.,.,.,.,0.98,0.15,1.13,.,23.6,.,.,.,.,.,.,.,.,.,.,.,.,23.6,.,.,.,.,.,.,35.5,23.1,27.4,0.35,0.56,0.42,0.09,.,0.133720542,.,0.133720542,.,.,.,.,.,.,.,.,.,.,.,.,.,.,.,.,.,10.5,10.5,10.5,98.2,98.2,98.2,10.8,10.8,10.82,609,45,0,1994,322,16.00,-1,2,.,2,.,.,.,.,.,.,.,.,1.14,0.15,1.29,.,23.6,.,.,.,.,.,.,.,.,.,.,.,.,23.6,.,.,.,.,.,.,35.5,23.1,28.4,0.5,0.84,0.58,0.12,.,0.133720542,.,0.133720542,.,.,.,.,.,.,.,.,.,.,.,.,.,.,.,.,.,10.5,10.5,10.5,98.2,98.2,98.2,10.8,10.8,10.82,762,55,0,1994,322,16.00,0,2,.,2,.,.,.,.,.,.,.,.,0.62,0.15,0.77,.,23.6,.,.,.,.,.,.,.,.,.,.,.,.,23.6,.,.,.,.,.,.,35.5,23.4,24.9,-0.01,-0.01,-0.05,0.05,.,0.133720542,.,0.133720542,.,.,.,.,.,.,.,.,.,.,.,.,.,.,.,.,.,10.5,10.5,10.5,98.2,98.2,98.2,10.7,10.7,10.73,337,35,0,1994,322,16.00,2,1,.,1,.,.,.,.,.,.,.,.,0.96,0.15,1.11,.,22.7,.,.,.,.,.,.,.,.,.,.,.,.,22.7,.,.,.,.,.,.,40.5,22.4,26.6,0.2,0.34,0.23,0.06,.,0.145292512,.,0.145292512,.,.,.,.,.,.,.,.,.,.,.,.,.,.,.,.,.,10.5,10.5,10.5,98.2,98.2,98.2,10.8,10.8,10.83,397,45,0,1994,322,16.00,-1,2,.,2,.,.,.,.,.,.,.,.,0.72,0.15,0.87,.,24.5,.,.,.,.,.,.,.,.,.,.,.,.,24.5,.,.,.,.,.,.,38,24.2,26.5,0.22,0.32,0.33,0.07,.,0.122148572,.,0.122148572,.,.,.,.,.,.,.,.,.,.,.,.,.,.,.,.,.,10.5,10.5,10.5,98.2,98.2,98.2,10.7,10.7,10.73,556,45,0,1994,322,16.00,1,2,.,1,.,.,.,.,.,.,.,.,0.93,0.15,1.08,.,23,.,.,.,.,.,.,.,.,.,.,.,.,23,.,.,.,.,.,.,39.4,22.7,26.6,0.21,0.35,0.26,0.06,.,0.141435189,.,0.141435189,.,.,.,.,.,.,.,.,.,.,.,.,.,.,.,.,.,10.5,10.5,10.5,98.2,98.2,98.2,10.8,10.8,10.83,886,35,0,1994,322,16.00,0,2,.,2,.,.,.,.,.,.,.,.,0.62,0.15,0.77,.,23,.,.,.,.,.,.,.,.,.,.,.,.,23,.,.,.,.,.,.,41.3,22.9,24.4,-0.04,-0.04,-0.17,0.06,.,0.141435189,.,0.141435189,.,.,.,.,.,.,.,.,.,.,.,.,.,.,.,.,.,10.5,10.5,10.5,98.2,98.2,98.2,10.7,10.7,10.73,1129,.,.,1994,322,16.00,0,2,.,2,.,.,.,.,.,.,.,.,0.7,0.15,0.85,.,23,.,.,.,.,.,.,.,.,.,.,.,.,23,.,.,.,.,.,.,37,22.8,25,-0.01,-0.01,-0.07,0.05,.,0.141435189,.,0.141435189,.,.,.,.,.,.,.,.,.,.,.,.,.,.,.,.,.,10.5,10.5,10.5,98.2,98.2,98.2,10.7,10.7,10.73,1284,25,1,1994,322,16.00,1,2,.,2,.,.,.,.,.,.,.,.,1.05,0.15,1.2,.,23,.,.,.,.,.,.,.,.,.,.,.,.,23,.,.,.,.,.,.,37,22.6,27.4,0.33,0.55,0.38,0.08,.,0.141435189,.,0.141435189,.,.,.,.,.,.,.,.,.,.,.,.,.,.,.,.,.,10.5,10.5,10.5,98.2,98.2,98.2,10.8,10.8,10.83,1351,25,1,1994,322,16.00,0,2,.,2,.,.,.,.,.,.,.,.,1.02,0.15,1.17,.,23,.,.,.,.,.,.,.,.,.,.,.,.,23,.,.,.,.,.,.,37,22.6,27.2,0.3,0.5,0.35,0.08,.,0.141435189,.,0.141435189,.,.,.,.,.,.,.,.,.,.,.,.,.,.,.,.,.,10.5,10.5,10.5,98.2,98.2,98.2,10.8,10.8,10.83,1657,25,1,1994,322,17.00,0,2,.,2,.,.,.,.,.,.,.,.,0.8,0.15,0.95,.,23.4,.,.,.,.,.,.,.,.,.,.,.,.,23.4,.,.,.,.,.,.,42,23.2,26.2,0.13,0.23,0.2,0.06,.,0.136292091,.,0.136292091,.,.,.,.,.,.,.,.,.,.,.,.,.,.,.,.,.,10.5,14.8,12.65,98.2,89.1,93.65,10.8,15.1,12.951,39,45,0,1994,325,8.00,-1,2,.,2,.,.,.,.,.,.,.,.,1.14,0.15,1.29,.,22,.,.,.,.,.,.,.,.,.,.,.,.,22,.,.,.,.,.,.,22.8,21.3,26.8,0.22,0.37,0.19,0.06,.,0.154292933,.,0.154292933,.,.,.,.,.,.,.,.,.,.,.,.,.,.,.,.,.,5,2.9,3.95,91.3,75.5,83.4,5.1,3,4.051,101,45,0,1994,325,8.00,0,2,.,2,.,.,.,.,.,.,.,.,0.91,0.15,1.06,.,22,.,.,.,.,.,.,.,.,.,.,.,.,22,.,.,.,.,.,.,22.8,21.6,25.4,-0.01,-0.01,-0.08,0.05,.,0.154292933,.,0.154292933,.,.,.,.,.,.,.,.,.,.,.,.,.,.,.,.,.,5,2.9,3.95,91.3,75.5,83.4,5.1,3,4.051,149,35,0,1994,325,8.00,0,2,.,2,.,.,.,.,.,.,.,.,0.62,0.15,0.77,.,22,.,.,.,.,.,.,.,.,.,.,.,.,22,.,.,.,.,.,.,22.8,21.7,23.3,-0.1,-0.1,-0.54,0.11,.,0.154292933,.,0.154292933,.,.,.,.,.,.,.,.,.,.,.,.,.,.,.,.,.,5,2.9,3.95,91.3,75.5,83.4,5.1,2.9,41,557,35,0,1994,325,8.00,0,2,.,2,.,.,.,.,.,.,.,.,0.62,0.15,0.77,.,22,.,.,.,.,.,.,.,.,.,.,.,.,22,.,.,.,.,.,.,22.8,21.7,23.3,-0.1,-0.1,-0.54,0.11,.,0.154292933,.,0.154292933,.,.,.,.,.,.,.,.,.,.,.,.,.,.,.,.,.,5,2.9,3.95,91.3,75.5,83.4,5.1,2.9,41,618,35,0,1994,325,8.00,0,2,.,2,.,.,.,.,.,.,.,.,0.49,0.15,0.64,.,22,.,.,.,.,.,.,.,.,.,.,.,.,22,.,.,.,.,.,.,22.8,21.7,22.2,-0.15,-0.15,-0.8,0.19,.,0.154292933,.,0.154292933,.,.,.,.,.,.,.,.,.,.,.,.,.,.,.,.,.,5,2.9,3.95,91.3,75.5,83.4,5.1,2.9,42,173,45,1,1994,325,8.00,-1,2,.,3,.,.,.,.,.,.,.,.,0.58,0.15,0.73,.,23.2,.,.,.,.,.,.,.,.,.,.,.,.,23.2,.,.,.,.,.,.,19.1,22.8,24,-0.06,-0.06,-0.33,0.07,.,0.13886364,.,0.13886364,.,.,.,.,.,.,.,.,.,.,.,.,.,.,.,.,.,5,2.9,3.95,91.3,75.5,83.4,5.1,2.9,42,314,45,1,1994,325,8.00,0,2,.,2,.,.,.,.,.,.,.,.,0.42,0.15,0.57,.,23.2,.,.,.,.,.,.,.,.,.,.,.,.,23.2,.,.,.,.,.,.,19.1,22.8,22.8,-0.12,-0.12,-0.65,0.14,.,0.13886364,.,0.13886364,.,.,.,.,.,.,.,.,.,.,.,.,.,.,.,.,.,5,2.9,3.95,91.3,75.5,83.4,5.1,2.9,42,763,55,0,1994,325,8.00,1,2,.,2,.,.,.,.,.,.,.,.,0.62,0.15,0.77,.,23.2,.,.,.,.,.,.,.,.,.,.,.,.,23.2,.,.,.,.,.,.,19.1,22.8,24.3,-0.05,-0.05,-0.26,0.06,.,0.13886364,.,0.13886364,.,.,.,.,.,.,.,.,.,.,.,.,.,.,.,.,.,5,2.9,3.95,91.3,75.5,83.4,5.1,2.9,43,815,25,1,1994,325,8.00,-1,2,.,3,.,.,.,.,.,.,.,.,0.97,0.15,1.12,.,20.2,.,.,.,.,.,.,.,.,.,.,.,.,20.2,.,.,.,.,.,.,39.3,20.1,24.4,-0.04,-0.04,-0.28,0.07,.,0.177436873,.,0.177436873,.,.,.,.,.,.,.,.,.,.,.,.,.,.,.,.,.,5,2.9,3.95,91.3,75.5,83.4,5.1,3,4.053,957,25,1,1994,325,8.00,-1,2,.,3,.,.,.,.,.,.,.,.,0.58,0.15,0.73,.,20.2,.,.,.,.,.,.,.,.,.,.,.,.,20.2,.,.,.,.,.,.,39.3,20.1,21.4,-0.2,-0.2,-0.98,0.25,.,0.177436873,.,0.177436873,.,.,.,.,.,.,.,.,.,.,.,.,.,.,.,.,.,5,2.9,3.95,91.3,75.5,83.4,5.1,2.9,43,1352,25,1,1994,325,8.00,-1,2,.,3,.,.,.,.,.,.,.,.,1.02,0.15,1.17,.,20.9,.,.,.,.,.,.,.,.,.,.,.,.,20.9,.,.,.,.,.,.,26.5,20.6,25.2,-0.01,-0.01,-0.14,0.05,.,0.168436452,.,0.168436452,.,.,.,.,.,.,.,.,.,.,.,.,.,.,.,.,.,5,2.9,3.95,91.3,75.5,83.4,5.1,3,4.053,1485,45,1,1994,325,8.00,0,2,.,2,.,.,.,.,.,.,.,.,0.56,0.15,0.71,.,20.9,.,.,.,.,.,.,.,.,.,.,.,.,20.9,.,.,.,.,.,.,26.5,20.6,21.8,-0.18,-0.18,-0.92,0.23,.,0.168436452,.,0.168436452,.,.,.,.,.,.,.,.,.,.,.,.,.,.,.,.,.,5,2.9,3.95,91.3,75.5,83.4,5.1,2.9,43,1744,45,1,1994,325,8.00,0,2,.,2,.,.,.,.,.,.,.,.,0.62,0.15,0.77,.,20.9,.,.,.,.,.,.,.,.,.,.,.,.,20.9,.,.,.,.,.,.,25.6,20.6,22.3,-0.15,-0.15,-0.79,0.18,.,0.168436452,.,0.168436452,.,.,.,.,.,.,.,.,.,.,.,.,.,.,.,.,.,5,2.9,3.95,91.3,75.5,83.4,5.1,2.9,43,1919,.,.,1994,325,8.00,-2,1,.,3,.,.,.,.,.,.,.,.,0.89,0.15,1.04,.,20.9,.,.,.,.,.,.,.,.,.,.,.,.,20.9,.,.,.,.,.,.,25.6,20.6,24.3,-0.05,-0.05,-0.32,0.07,.,0.168436452,.,0.168436452,.,.,.,.,.,.,.,.,.,.,.,.,.,.,.,.,.,5,2.9,3.95,91.3,75.5,83.4,5.1,3,4.051,481,45,0,1994,325,9.00,0,2,.,2,.,.,.,.,.,.,.,.,0.72,0.15,0.87,.,22.7,.,.,.,.,.,.,.,.,.,.,.,.,22.7,.,.,.,.,.,.,22.9,22.4,24.7,-0.03,-0.03,-0.2,0.06,.,0.145292512,.,0.145292512,.,.,.,.,.,.,.,.,.,.,.,.,.,.,.,.,.,5,3.2,4.1,91.3,71.7,81.5,5.1,3.2,4.153,285,45,0,1994,325,9.00,-1,2,.,2,.,.,.,.,.,.,.,.,0.96,0.15,1.11,.,21.3,.,.,.,.,.,.,.,.,.,.,.,.,21.3,.,.,.,.,.,.,26.2,21,25.1,-0.01,-0.01,-0.14,0.05,.,0.163293354,.,0.163293354,.,.,.,.,.,.,.,.,.,.,.,.,.,.,.,.,.,5,3.2,4.1,91.3,71.7,81.5,5.1,3.2,4.153,338,35,0,1994,325,11.00,1,2,.,2,.,.,.,.,.,.,.,.,0.96,0.15,1.11,.,22,.,.,.,.,.,.,.,.,.,.,.,.,22,.,.,.,.,.,.,30.8,21.6,25.8,0.03,0.09,0.03,0.05,.,0.154292933,.,0.154292933,.,.,.,.,.,.,.,.,.,.,.,.,.,.,.,.,.,5,4.7,4.85,91.3,66,78.65,5.1,4.7,4.91,410,45,0,1994,325,13.00,0,2,.,2,.,.,.,.,.,.,.,.,0.66,0.15,0.81,.,23,.,.,.,.,.,.,.,.,.,.,.,.,23,.,.,.,.,.,.,23.4,22.7,24.5,-0.04,-0.04,-0.22,0.06,.,0.141435189,.,0.141435189,.,.,.,.,.,.,.,.,.,.,.,.,.,.,.,.,.,5,5.4,5.2,91.3,77.8,84.55,5.1,5.5,5.31,482,45,0,1994,325,13.00,0,2,.,2,.,.,.,.,.,.,.,.,0.72,0.15,0.87,.,23,.,.,.,.,.,.,.,.,.,.,.,.,23,.,.,.,.,.,.,23.4,22.7,24.9,-0.02,-0.02,-0.12,0.05,.,0.141435189,.,0.141435189,.,.,.,.,.,.,.,.,.,.,.,.,.,.,.,.,.,5,5.4,5.2,91.3,77.8,84.55,5.1,5.5,5.31,558,35,0,1994,325,13.00,2,1,.,1,.,.,.,.,.,.,.,.,0.62,0.15,0.77,.,23,.,.,.,.,.,.,.,.,.,.,.,.,23,.,.,.,.,.,.,23.4,22.7,24.2,-0.05,-0.05,-0.29,0.07,.,0.141435189,.,0.141435189,.,.,.,.,.,.,.,.,.,.,.,.,.,.,.,.,.,5,5.4,5.2,91.3,77.8,84.55,5.1,5.5,5.31,619,35,0,1994,325,13.00,0,2,.,2,.,.,.,.,.,.,.,.,0.49,0.15,0.64,.,23,.,.,.,.,.,.,.,.,.,.,.,.,23,.,.,.,.,.,.,23.4,22.7,23.2,-0.1,-0.1,-0.53,0.11,.,0.141435189,.,0.141435189,.,.,.,.,.,.,.,.,.,.,.,.,.,.,.,.,.,5,5.4,5.2,91.3,77.8,84.55,5.1,5.5,5.32,99,25,1,1994,325,13.00,0,2,.,2,.,.,.,.,.,.,.,.,0.41,0.15,0.56,.,23.2,.,.,.,.,.,.,.,.,.,.,.,.,23.2,.,.,.,.,.,.,22,22.9,22.7,-0.13,-0.13,-0.66,0.14,.,0.13886364,.,0.13886364,.,.,.,.,.,.,.,.,.,.,.,.,.,.,.,.,.,5,5.4,5.2,91.3,77.8,84.55,5.1,5.5,5.32,315,45,1,1994,325,13.00,-1,2,.,2,.,.,.,.,.,.,.,.,0.42,0.15,0.57,.,23.2,.,.,.,.,.,.,.,.,.,.,.,.,23.2,.,.,.,.,.,.,22,22.9,22.8,-0.12,-0.12,-0.63,0.13,.,0.13886364,.,0.13886364,.,.,.,.,.,.,.,.,.,.,.,.,.,.,.,.,.,5,5.4,5.2,91.3,77.8,84.55,5.1,5.5,5.32,556,35,0,1994,325,13.00,-1,2,.,2,.,.,.,.,.,.,.,.,0.88,0.15,1.03,.,23.2,.,.,.,.,.,.,.,.,.,.,.,.,23.2,.,.,.,.,.,.,22,22.6,26.1,0.12,0.19,0.13,0.05,.,0.13886364,.,0.13886364,.,.,.,.,.,.,.,.,.,.,.,.,.,.,.,.,.,5,5.4,5.2,91.3,77.8,84.55,5.1,5.5,5.32,610,45,0,1994,325,13.00,0,2,.,2,.,.,.,.,.,.,.,.,0.78,0.15,0.93,.,23.2,.,.,.,.,.,.,.,.,.,.,.,.,23.2,.,.,.,.,.,.,22,22.7,25.5,0,0,0,0.05,.,0.13886364,.,0.13886364,.,.,.,.,.,.,.,.,.,.,.,.,.,.,.,.,.,5,5.4,5.2,91.3,77.8,84.55,5.1,5.5,5.32,685,45,0,1994,325,13.00,0,2,.,2,.,.,.,.,.,.,.,.,0.64,0.15,0.79,.,23.2,.,.,.,.,.,.,.,.,.,.,.,.,23.2,.,.,.,.,.,.,22,22.9,24.5,-0.04,-0.04,-0.21,0.06,.,0.13886364,.,0.13886364,.,.,.,.,.,.,.,.,.,.,.,.,.,.,.,.,.,5,5.4,5.2,91.3,77.8,84.55,5.1,5.5,5.33,236,35,0,1994,325,13.00,-1,2,.,3,.,.,.,.,.,.,.,.,0.93,0.15,1.08,.,22.3,.,.,.,.,.,.,.,.,.,.,.,.,22.3,.,.,.,.,.,.,29.2,21.9,25.8,0.04,0.1,0.05,0.05,.,0.15043561,.,0.15043561,.,.,.,.,.,.,.,.,.,.,.,.,.,.,.,.,.,5,5.4,5.2,91.3,77.8,84.55,5.1,5.5,5.33,339,35,0,1994,325,13.00,1,2,.,2,.,.,.,.,.,.,.,.,0.96,0.15,1.11,.,22.3,.,.,.,.,.,.,.,.,.,.,.,.,22.3,.,.,.,.,.,.,29.2,21.8,26,0.08,0.16,0.08,0.05,.,0.15043561,.,0.15043561,.,.,.,.,.,.,.,.,.,.,.,.,.,.,.,.,.,5,5.4,5.2,91.3,77.8,84.55,5.1,5.5,5.33,958,25,1,1994,325,13.00,-1,2,.,3,.,.,.,.,.,.,.,.,0.63,0.15,0.78,.,21.6,.,.,.,.,.,.,.,.,.,.,.,.,21.6,.,.,.,.,.,.,34.1,21.4,23.1,-0.1,-0.1,-0.55,0.11,.,0.159436031,.,0.159436031,.,.,.,.,.,.,.,.,.,.,.,.,.,.,.,.,.,5,5.4,5.2,91.3,77.8,84.55,5.1,5.5,5.33,1285,25,1,1994,325,13.00,1,2,.,2,.,.,.,.,.,.,.,.,0.67,0.15,0.82,.,22,.,.,.,.,.,.,.,.,.,.,.,.,22,.,.,.,.,.,.,26.5,21.7,23.7,-0.08,-0.08,-0.42,0.09,.,0.154292933,.,0.154292933,.,.,.,.,.,.,.,.,.,.,.,.,.,.,.,.,.,5,5.4,5.2,91.3,77.8,84.55,5.1,5.5,5.33,1486,45,1,1994,325,13.00,-1,2,.,2,.,.,.,.,.,.,.,.,0.56,0.15,0.71,.,22,.,.,.,.,.,.,.,.,.,.,.,.,22,.,.,.,.,.,.,26.5,21.7,22.8,-0.12,-0.12,-0.63,0.13,.,0.154292933,.,0.154292933,.,.,.,.,.,.,.,.,.,.,.,.,.,.,.,.,.,5,5.4,5.2,91.3,77.8,84.55,5.1,5.5,5.33,1658,25,1,1994,325,13.00,-1,2,.,3,.,.,.,.,.,.,.,.,0.71,0.15,0.86,.,22,.,.,.,.,.,.,.,.,.,.,.,.,22,.,.,.,.,.,.,28.8,21.8,24,-0.06,-0.06,-0.34,0.07,.,0.154292933,.,0.154292933,.,.,.,.,.,.,.,.,.,.,.,.,.,.,.,.,.,5,5.4,5.2,91.3,77.8,84.55,5.1,5.5,5.33,1745,45,1,1994,325,13.00,-2,1,.,1,.,.,.,.,.,.,.,.,0.63,0.15,0.78,.,22,.,.,.,.,.,.,.,.,.,.,.,.,22,.,.,.,.,.,.,28.3,21.7,23.4,-0.09,-0.09,-0.49,0.1,.,0.154292933,.,0.154292933,.,.,.,.,.,.,.,.,.,.,.,.,.,.,.,.,.,5,5.4,5.2,91.3,77.8,84.55,5.1,5.5,5.33,1797,25,1,1994,325,13.00,-1,2,.,3,.,.,.,.,.,.,.,.,0.67,0.15,0.82,.,23.4,.,.,.,.,.,.,.,.,.,.,.,.,23.4,.,.,.,.,.,.,25.4,23.1,25,-0.02,-0.02,-0.09,0.05,.,0.136292091,.,0.136292091,.,.,.,.,.,.,.,.,.,.,.,.,.,.,.,.,.,5,5.4,5.2,91.3,77.8,84.55,5.1,5.5,5.33,1998,25,1,1994,325,13.00,0,2,.,2,.,.,.,.,.,.,.,.,0.58,0.15,0.73,.,22.3,.,.,.,.,.,.,.,.,.,.,.,.,22.3,.,.,.,.,.,.,29.2,22.1,23.3,-0.09,-0.09,-0.5,0.1,.,0.15043561,.,0.15043561,.,.,.,.,.,.,.,.,.,.,.,.,.,.,.,.,.,5,5.4,5.2,91.3,77.8,84.55,5.1,5.5,5.34,35,35,1,1994,325,13.00,-1,2,.,3,.,.,.,.,.,.,.,.,0.72,0.15,0.87,.,23,.,.,.,.,.,.,.,.,.,.,.,.,23,.,.,.,.,.,.,20.7,22.7,24.9,-0.02,-0.02,-0.14,0.05,.,0.141435189,.,0.141435189,.,.,.,.,.,.,.,.,.,.,.,.,.,.,.,.,.,5,5.4,5.2,91.3,77.8,84.55,5.1,5.5,5.31,40,45,0,1994,325,14.00,0,2,.,2,.,.,.,.,.,.,.,.,1.14,0.15,1.29,.,23,.,.,.,.,.,.,.,.,.,.,.,.,23,.,.,.,.,.,.,26,22.2,27.7,0.38,0.61,0.4,0.08,.,0.141435189,.,0.141435189,.,.,.,.,.,.,.,.,.,.,.,.,.,.,.,.,.,5,5,5,91.3,91.3,91.3,5.1,5.1,5.12,174,45,1,1994,325,14.00,-1,2,.,3,.,.,.,.,.,.,.,.,0.58,0.15,0.73,.,23.2,.,.,.,.,.,.,.,.,.,.,.,.,23.2,.,.,.,.,.,.,24.9,22.9,24.1,-0.06,-0.06,-0.29,0.07,.,0.13886364,.,0.13886364,.,.,.,.,.,.,.,.,.,.,.,.,.,.,.,.,.,5,5,5,91.3,91.3,91.3,5.1,5.1,5.13,735,35,0,1994,325,14.00,0,2,.,2,.,.,.,.,.,.,.,.,0.64,0.15,0.79,.,22.3,.,.,.,.,.,.,.,.,.,.,.,.,22.3,.,.,.,.,.,.,33.5,22.1,23.8,-0.07,-0.07,-0.36,0.08,.,0.15043561,.,0.15043561,.,.,.,.,.,.,.,.,.,.,.,.,.,.,.,.,.,5,5,5,91.3,91.3,91.3,5.1,5.1,5.13,1353,25,1,1994,325,14.00,0,2,.,2,.,.,.,.,.,.,.,.,1.02,0.15,1.17,.,22.3,.,.,.,.,.,.,.,.,.,.,.,.,22.3,.,.,.,.,.,.,28.1,21.8,26.4,0.15,0.26,0.15,0.05,.,0.15043561,.,0.15043561,.,.,.,.,.,.,.,.,.,.,.,.,.,.,.,.,.,5,5,5,91.3,91.3,91.3,5.1,5.1,5.13,1557,.,.,1994,325,14.00,0,2,.,2,.,.,.,.,.,.,.,.,1.06,0.15,1.21,.,23.4,.,.,.,.,.,.,.,.,.,.,.,.,23.4,.,.,.,.,.,.,26.9,22.7,27.5,0.37,0.57,0.41,0.08,.,0.136292091,.,0.136292091,.,.,.,.,.,.,.,.,.,.,.,.,.,.,.,.,.,5,5,5,91.3,91.3,91.3,5.1,5.1,5.13,1920,.,.,1994,325,14.00,-2,1,.,3,.,.,.,.,.,.,.,.,0.94,0.15,1.09,.,22,.,.,.,.,.,.,.,.,.,.,.,.,22,.,.,.,.,.,.,29.9,21.6,25.7,0,0,0,0.05,.,0.154292933,.,0.154292933,.,.,.,.,.,.,.,.,.,.,.,.,.,.,.,.,.,5,5,5,91.3,91.3,91.3,5.1,5.1,5.11,150,35,0,1994,326,9.00,0,2,.,3,.,.,.,.,.,.,.,.,0.96,0.15,1.11,.,22.7,.,.,.,.,.,.,.,.,.,.,.,.,22.7,.,.,.,.,.,.,26.5,22.1,26.3,0.15,0.25,0.16,0.05,.,0.145292512,.,0.145292512,.,.,.,.,.,.,.,.,.,.,.,.,.,.,.,.,.,4.2,5.6,4.9,48,75.7,61.85,4.2,5.7,4.951,215,45,0,1994,326,9.00,-1,2,.,2,.,.,.,.,.,.,.,.,0.64,0.15,0.79,.,22.7,.,.,.,.,.,.,.,.,.,.,.,.,22.7,.,.,.,.,.,.,26.5,22.4,24.1,-0.06,-0.06,-0.3,0.07,.,0.145292512,.,0.145292512,.,.,.,.,.,.,.,.,.,.,.,.,.,.,.,.,.,4.2,5.6,4.9,48,75.7,61.85,4.2,5.7,4.951,358,35,0,1994,326,9.00,0,2,.,2,.,.,.,.,.,.,.,.,1.04,0.15,1.19,.,22.7,.,.,.,.,.,.,.,.,.,.,.,.,22.7,.,.,.,.,.,.,26.5,22.1,26.8,0.24,0.38,0.25,0.06,.,0.145292512,.,0.145292512,.,.,.,.,.,.,.,.,.,.,.,.,.,.,.,.,.,4.2,5.6,4.9,48,75.7,61.85,4.2,5.7,4.951,483,45,0,1994,326,9.00,0,2,.,2,.,.,.,.,.,.,.,.,0.72,0.15,0.87,.,22.7,.,.,.,.,.,.,.,.,.,.,.,.,22.7,.,.,.,.,.,.,26.5,22.4,24.7,-0.03,-0.03,-0.17,0.06,.,0.145292512,.,0.145292512,.,.,.,.,.,.,.,.,.,.,.,.,.,.,.,.,.,4.2,5.6,4.9,48,75.7,61.85,4.2,5.7,4.952,31,35,1,1994,326,9.00,0,2,.,2,.,.,.,.,.,.,.,.,0.74,0.15,0.89,.,23.2,.,.,.,.,.,.,.,.,.,.,.,.,23.2,.,.,.,.,.,.,25.7,22.8,25.3,-0.01,-0.01,-0.03,0.05,.,0.13886364,.,0.13886364,.,.,.,.,.,.,.,.,.,.,.,.,.,.,.,.,.,4.2,5.6,4.9,48,75.7,61.85,4.2,5.7,4.952,175,45,1,1994,326,9.00,0,2,.,2,.,.,.,.,.,.,.,.,1.15,0.15,1.3,.,23.2,.,.,.,.,.,.,.,.,.,.,.,.,23.2,.,.,.,.,.,.,25.7,22.4,27.9,0.42,0.67,0.45,0.09,.,0.13886364,.,0.13886364,.,.,.,.,.,.,.,.,.,.,.,.,.,.,.,.,.,4.2,5.6,4.9,48,75.7,61.85,4.2,5.7,4.952,611,45,0,1994,326,9.00,0,2,.,2,.,.,.,.,.,.,.,.,1.14,0.15,1.29,.,23.2,.,.,.,.,.,.,.,.,.,.,.,.,23.2,.,.,.,.,.,.,25.7,22.4,27.8,0.41,0.65,0.44,0.09,.,0.13886364,.,0.13886364,.,.,.,.,.,.,.,.,.,.,.,.,.,.,.,.,.,4.2,5.6,4.9,48,75.7,61.85,4.2,5.7,4.952,686,45,0,1994,326,9.00,-1,2,.,2,.,.,.,.,.,.,.,.,0.64,0.15,0.79,.,23.2,.,.,.,.,.,.,.,.,.,.,.,.,23.2,.,.,.,.,.,.,25.7,22.9,24.6,-0.03,-0.03,-0.18,0.06,.,0.13886364,.,0.13886364,.,.,.,.,.,.,.,.,.,.,.,.,.,.,.,.,.,4.2,5.6,4.9,48,75.7,61.85,4.2,5.7,4.952,765,55,0,1994,326,9.00,0,2,.,2,.,.,.,.,.,.,.,.,0.62,0.15,0.77,.,23.2,.,.,.,.,.,.,.,.,.,.,.,.,23.2,.,.,.,.,.,.,25.7,22.9,24.4,-0.04,-0.04,-0.22,0.06,.,0.13886364,.,0.13886364,.,.,.,.,.,.,.,.,.,.,.,.,.,.,.,.,.,4.2,5.6,4.9,48,75.7,61.85,4.1,5.7,4.93,736,35,0,1994,326,9.00,0,2,.,2,.,.,.,.,.,.,.,.,0.83,0.15,0.98,.,22.7,.,.,.,.,.,.,.,.,.,.,.,.,22.7,.,.,.,.,.,.,36.7,22.4,25.6,0.01,0.06,0.05,0.05,.,0.145292512,.,0.145292512,.,.,.,.,.,.,.,.,.,.,.,.,.,.,.,.,.,4.2,5.6,4.9,48,75.7,61.85,4.2,5.7,4.953,817,25,1,1994,326,9.00,0,2,.,2,.,.,.,.,.,.,.,.,1.04,0.15,1.19,.,21.6,.,.,.,.,.,.,.,.,.,.,.,.,21.6,.,.,.,.,.,.,33.1,21.2,26.1,0.07,0.16,0.06,0.05,.,0.159436031,.,0.159436031,.,.,.,.,.,.,.,.,.,.,.,.,.,.,.,.,.,4.2,5.6,4.9,48,75.7,61.85,4.2,5.7,4.953,959,25,1,1994,326,9.00,-1,2,.,3,.,.,.,.,.,.,.,.,0.67,0.15,0.82,.,21.6,.,.,.,.,.,.,.,.,.,.,.,.,21.6,.,.,.,.,.,.,33.1,21.4,23.4,-0.09,-0.09,-0.48,0.1,.,0.159436031,.,0.159436031,.,.,.,.,.,.,.,.,.,.,.,.,.,.,.,.,.,4.2,5.6,4.9,48,75.7,61.85,4.2,5.7,4.953,1286,25,1,1994,326,9.00,1,2,.,2,.,.,.,.,.,.,.,.,0.84,0.15,0.99,.,22,.,.,.,.,.,.,.,.,.,.,.,.,22,.,.,.,.,.,.,29.6,21.8,25,-0.02,-0.02,-0.13,0.05,.,0.154292933,.,0.154292933,.,.,.,.,.,.,.,.,.,.,.,.,.,.,.,.,.,4.2,5.6,4.9,48,75.7,61.85,4.2,5.7,4.953,1487,45,1,1994,326,9.00,0,2,.,2,.,.,.,.,.,.,.,.,0.67,0.15,0.82,.,22,.,.,.,.,.,.,.,.,.,.,.,.,22,.,.,.,.,.,.,29.6,21.8,23.7,-0.07,-0.07,-0.4,0.08,.,0.154292933,.,0.154292933,.,.,.,.,.,.,.,.,.,.,.,.,.,.,.,.,.,4.2,5.6,4.9,48,75.7,61.85,4.2,5.7,4.953,1746,45,1,1994,326,9.00,0,2,.,2,.,.,.,.,.,.,.,.,0.63,0.15,0.78,.,22,.,.,.,.,.,.,.,.,.,.,.,.,22,.,.,.,.,.,.,26.7,21.7,23.4,-0.09,-0.09,-0.49,0.1,.,0.154292933,.,0.154292933,.,.,.,.,.,.,.,.,.,.,.,.,.,.,.,.,.,4.2,5.6,4.9,48,75.7,61.85,4.1,5.7,4.93,1798,25,1,1994,326,9.00,0,2,.,2,.,.,.,.,.,.,.,.,0.52,0.15,0.67,.,23.4,.,.,.,.,.,.,.,.,.,.,.,.,23.4,.,.,.,.,.,.,26.4,23.1,23.9,-0.07,-0.07,-0.35,0.07,.,0.136292091,.,0.136292091,.,.,.,.,.,.,.,.,.,.,.,.,.,.,.,.,.,4.2,5.6,4.9,48,75.7,61.85,4.1,5.7,4.91,411,45,0,1994,326,10.00,0,2,.,2,.,.,.,.,.,.,.,.,0.66,0.15,0.81,.,22.7,.,.,.,.,.,.,.,.,.,.,.,.,22.7,.,.,.,.,.,.,25.5,22.4,24.3,-0.05,-0.05,-0.28,0.07,.,0.145292512,.,0.145292512,.,.,.,.,.,.,.,.,.,.,.,.,.,.,.,.,.,4.2,5.3,4.75,48,74.4,61.2,4.2,5.4,4.82,557,35,0,1994,326,10.00,0,2,.,2,.,.,.,.,.,.,.,.,0.91,0.15,1.06,.,23.2,.,.,.,.,.,.,.,.,.,.,.,.,23.2,.,.,.,.,.,.,25.3,22.6,26.4,0.17,0.26,0.19,0.06,.,0.13886364,.,0.13886364,.,.,.,.,.,.,.,.,.,.,.,.,.,.,.,.,.,4.2,5.3,4.75,48,74.4,61.2,4.2,5.4,4.83,180,.,.,1994,326,10.00,2,1,.,2,.,.,.,.,.,.,.,.,0.67,0.15,0.82,.,22,.,.,.,.,.,.,.,.,.,.,.,.,22,.,.,.,.,.,.,26.7,21.7,23.7,-0.08,-0.08,-0.42,0.09,.,0.154292933,.,0.154292933,.,.,.,.,.,.,.,.,.,.,.,.,.,.,.,.,.,4.2,5.3,4.75,48,74.4,61.2,4.2,5.4,4.83,1354,25,1,1994,326,10.00,0,2,.,2,.,.,.,.,.,.,.,.,0.7,0.15,0.85,.,22.3,.,.,.,.,.,.,.,.,.,.,.,.,22.3,.,.,.,.,.,.,29.1,22.1,24.2,-0.05,-0.05,-0.29,0.07,.,0.15043561,.,0.15043561,.,.,.,.,.,.,.,.,.,.,.,.,.,.,.,.,.,4.2,5.3,4.75,48,74.4,61.2,4.2,5.4,4.81,359,35,0,1994,326,14.00,0,2,.,2,.,.,.,.,.,.,.,.,1.04,0.15,1.19,.,23.4,.,.,.,.,.,.,.,.,.,.,.,.,23.4,.,.,.,.,.,.,18.4,22.4,27.2,0.31,0.47,0.33,0.07,.,0.136292091,.,0.136292091,.,.,.,.,.,.,.,.,.,.,.,.,.,.,.,.,.,4.2,5.5,4.85,48,44.5,46.25,4.2,5.4,4.81,484,45,0,1994,326,14.00,3,1,.,2,.,.,.,.,.,.,.,.,0.72,0.15,0.87,.,23.4,.,.,.,.,.,.,.,.,.,.,.,.,23.4,.,.,.,.,.,.,18.4,22.9,25.2,-0.01,-0.01,-0.06,0.05,.,0.136292091,.,0.136292091,.,.,.,.,.,.,.,.,.,.,.,.,.,.,.,.,.,4.2,5.5,4.85,48,44.5,46.25,4.2,5.4,4.82,100,25,1,1994,326,14.00,1,2,.,2,.,.,.,.,.,.,.,.,0.67,0.15,0.51,.,23.2,.,.,.,.,.,.,.,.,.,.,.,.,23.2,.,.,.,.,.,.,17,22.8,22.2,-0.16,-0.16,-0.81,0.19,.,0.13886364,.,0.13886364,.,.,.,.,.,.,.,.,.,.,.,.,.,.,.,.,.,4.2,0,2.1,48,5.4,26.7,4.1,-0.2,1.952,455,55,1,1994,326,14.00,-1,2,.,2,.,.,.,.,.,.,.,.,1.08,0.15,1.23,.,23.2,.,.,.,.,.,.,.,.,.,.,.,.,23.2,.,.,.,.,.,.,17,22.2,27.2,0.32,0.48,0.32,0.07,.,0.13886364,.,0.13886364,.,.,.,.,.,.,.,.,.,.,.,.,.,.,.,.,.,4.2,0,2.1,48,5.4,26.7,4.2,-0.2,22,612,45,0,1994,326,14.00,-2,1,.,3,.,.,.,.,.,.,.,.,0.8,0.15,0.95,.,23.2,.,.,.,.,.,.,.,.,.,.,.,.,23.2,.,.,.,.,.,.,17,22.6,25.5,0,0,0,0.05,.,0.13886364,.,0.13886364,.,.,.,.,.,.,.,.,.,.,.,.,.,.,.,.,.,4.2,0,2.1,48,5.4,26.7,4.2,-0.2,23,340,35,0,1994,326,14.00,1,2,.,2,.,.,.,.,.,.,.,.,0.96,0.15,1.11,.,22.3,.,.,.,.,.,.,.,.,.,.,.,.,22.3,.,.,.,.,.,.,28.7,21.8,26,0.08,0.16,0.08,0.05,.,0.15043561,.,0.15043561,.,.,.,.,.,.,.,.,.,.,.,.,.,.,.,.,.,4.2,0,2.1,48,5.4,26.7,4.2,-0.2,23,818,25,1,1994,326,14.00,-1,2,.,2,.,.,.,.,.,.,.,.,0.28,0.15,0.43,.,22.3,.,.,.,.,.,.,.,.,.,.,.,.,22.3,.,.,.,.,.,.,33.7,22.1,20.8,-0.24,-0.24,-1.19,0.35,.,0.15043561,.,0.15043561,.,.,.,.,.,.,.,.,.,.,.,.,.,.,.,.,.,4.2,0,2.1,48,5.4,26.7,4.1,-0.2,1.953,960,25,1,1994,326,14.00,1,2,.,1,.,.,.,.,.,.,.,.,0.67,0.15,0.82,.,22.3,.,.,.,.,.,.,.,.,.,.,.,.,22.3,.,.,.,.,.,.,33.7,22.1,24.1,-0.06,-0.06,-0.31,0.07,.,0.15043561,.,0.15043561,.,.,.,.,.,.,.,.,.,.,.,.,.,.,.,.,.,4.2,0,2.1,48,5.4,26.7,4.2,-0.2,23,1131,.,.,1994,326,14.00,0,2,.,2,.,.,.,.,.,.,.,.,0.82,0.15,0.97,.,22.7,.,.,.,.,.,.,.,.,.,.,.,.,22.7,.,.,.,.,.,.,26.1,22.3,25.4,-0.01,-0.01,-0.03,0.05,.,0.145292512,.,0.145292512,.,.,.,.,.,.,.,.,.,.,.,.,.,.,.,.,.,4.2,0,2.1,48,5.4,26.7,4.2,-0.2,23,1355,25,1,1994,326,14.00,0,2,.,2,.,.,.,.,.,.,.,.,0.7,0.15,0.85,.,22.7,.,.,.,.,.,.,.,.,.,.,.,.,22.7,.,.,.,.,.,.,26.1,22.4,24.6,-0.04,-0.04,-0.21,0.06,.,0.145292512,.,0.145292512,.,.,.,.,.,.,.,.,.,.,.,.,.,.,.,.,.,4.2,0,2.1,48,5.4,26.7,4.2,-0.2,23,1488,45,1,1994,326,14.00,0,2,.,2,.,.,.,.,.,.,.,.,0.67,0.15,0.82,.,22.7,.,.,.,.,.,.,.,.,.,.,.,.,22.7,.,.,.,.,.,.,26.1,22.4,24.3,-0.05,-0.05,-0.26,0.06,.,0.145292512,.,0.145292512,.,.,.,.,.,.,.,.,.,.,.,.,.,.,.,.,.,4.2,0,2.1,48,5.4,26.7,4.2,-0.2,23,1999,25,1,1994,326,14.00,0,2,.,2,.,.,.,.,.,.,.,.,0.42,0.15,0.57,.,22.3,.,.,.,.,.,.,.,.,.,.,.,.,22.3,.,.,.,.,.,.,29.7,22.1,22,-0.16,-0.16,-0.84,0.2,.,0.15043561,.,0.15043561,.,.,.,.,.,.,.,.,.,.,.,.,.,.,.,.,.,4.2,0,2.1,48,5.4,26.7,4.1,-0.2,1.951,42,45,0,1994,326,15.00,1,2,.,1,.,.,.,.,.,.,.,.,1.14,0.15,1.29,.,23,.,.,.,.,.,.,.,.,.,.,.,.,23,.,.,.,.,.,.,17.4,22,27.5,0.35,0.54,0.34,0.07,.,0.141435189,.,0.141435189,.,.,.,.,.,.,.,.,.,.,.,.,.,.,.,.,.,4.2,4.2,4.2,48,48,48,4.2,4.2,4.21,285,45,1,1994,326,15.00,1,2,.,2,.,.,.,.,.,.,.,.,0.61,0.15,0.76,.,23,.,.,.,.,.,.,.,.,.,.,.,.,23,.,.,.,.,.,.,17.4,22.6,24.1,-0.06,-0.06,-0.34,0.07,.,0.141435189,.,0.141435189,.,.,.,.,.,.,.,.,.,.,.,.,.,.,.,.,.,4.2,4.2,4.2,48,48,48,4.1,4.1,4.12,176,45,1,1994,326,15.00,-1,2,.,3,.,.,.,.,.,.,.,.,1.16,0.15,1.31,.,23.2,.,.,.,.,.,.,.,.,.,.,.,.,23.2,.,.,.,.,.,.,17,22.1,27.7,0.4,0.61,0.4,0.08,.,0.13886364,.,0.13886364,.,.,.,.,.,.,.,.,.,.,.,.,.,.,.,.,.,4.2,4.2,4.2,48,48,48,4.2,4.2,4.22,385,35,1,1994,326,15.00,-1,2,.,3,.,.,.,.,.,.,.,.,0.75,0.15,0.9,.,23.2,.,.,.,.,.,.,.,.,.,.,.,.,23.2,.,.,.,.,.,.,17,22.7,25.2,-0.01,-0.01,-0.07,0.05,.,0.13886364,.,0.13886364,.,.,.,.,.,.,.,.,.,.,.,.,.,.,.,.,.,4.2,4.2,4.2,48,48,48,4.2,4.2,4.22,512,45,1,1994,326,15.00,0,2,.,2,.,.,.,.,.,.,.,.,0.62,0.15,0.77,.,23.2,.,.,.,.,.,.,.,.,.,.,.,.,23.2,.,.,.,.,.,.,17,22.8,24.3,-0.05,-0.05,-0.27,0.07,.,0.13886364,.,0.13886364,.,.,.,.,.,.,.,.,.,.,.,.,.,.,.,.,.,4.2,4.2,4.2,48,48,48,4.1,4.1,4.12,766,55,0,1994,326,15.00,0,2,.,2,.,.,.,.,.,.,.,.,0.62,0.15,0.77,.,23.2,.,.,.,.,.,.,.,.,.,.,.,.,23.2,.,.,.,.,.,.,17,22.8,24.3,-0.05,-0.05,-0.27,0.07,.,0.13886364,.,0.13886364,.,.,.,.,.,.,.,.,.,.,.,.,.,.,.,.,.,4.2,4.2,4.2,48,48,48,4.1,4.1,4.13,181,.,.,1994,326,15.00,2,1,.,2,.,.,.,.,.,.,.,.,0.67,0.15,0.82,.,22.3,.,.,.,.,.,.,.,.,.,.,.,.,22.3,.,.,.,.,.,.,24.2,22,23.9,-0.07,-0.07,-0.37,0.08,.,0.15043561,.,0.15043561,.,.,.,.,.,.,.,.,.,.,.,.,.,.,.,.,.,4.2,4.2,4.2,48,48,48,4.2,4.2,4.23,737,35,0,1994,326,15.00,2,1,.,1,.,.,.,.,.,.,.,.,1.25,0.15,1.4,.,22.3,.,.,.,.,.,.,.,.,.,.,.,.,22.3,.,.,.,.,.,.,35.6,21.8,28.1,0.41,0.73,0.43,0.09,.,0.15043561,.,0.15043561,.,.,.,.,.,.,.,.,.,.,.,.,.,.,.,.,.,4.2,4.2,4.2,48,48,48,4.2,4.2,4.23,1177,45,1,1994,326,15.00,0,2,.,2,.,.,.,.,.,.,.,.,0.55,0.15,0.7,.,22.7,.,.,.,.,.,.,.,.,.,.,.,.,22.7,.,.,.,.,.,.,26.1,22.4,23.4,-0.09,-0.09,-0.47,0.1,.,0.145292512,.,0.145292512,.,.,.,.,.,.,.,.,.,.,.,.,.,.,.,.,.,4.2,4.2,4.2,48,48,48,4.1,4.1,4.11,286,45,1,1994,327,10.00,-1,2,.,2,.,.,.,.,.,.,.,.,0.91,0.15,1.06,.,21.6,.,.,.,.,.,.,.,.,.,.,.,.,21.6,.,.,.,.,.,.,15.9,21.2,24.9,-0.02,-0.02,-0.2,0.06,.,0.159436031,.,0.159436031,.,.,.,.,.,.,.,.,.,.,.,.,.,.,.,.,.,-5.6,-5.6,-5.6,49.8,70.4,60.1,-5.7,-5.6,-5.651,412,45,0,1994,327,10.00,-1,2,.,3,.,.,.,.,.,.,.,.,0.66,0.15,0.81,.,21.6,.,.,.,.,.,.,.,.,.,.,.,.,21.6,.,.,.,.,.,.,15.9,21.2,23.1,-0.11,-0.11,-0.6,0.13,.,0.159436031,.,0.159436031,.,.,.,.,.,.,.,.,.,.,.,.,.,.,.,.,.,-5.6,-5.6,-5.6,49.8,70.4,60.1,-5.7,-5.6,-5.651,485,45,0,1994,327,10.00,-1,2,.,3,.,.,.,.,.,.,.,.,0.72,0.15,0.87,.,21.6,.,.,.,.,.,.,.,.,.,.,.,.,21.6,.,.,.,.,.,.,15.9,21.2,23.6,-0.09,-0.09,-0.49,0.1,.,0.159436031,.,0.159436031,.,.,.,.,.,.,.,.,.,.,.,.,.,.,.,.,.,-5.6,-5.6,-5.6,49.8,70.4,60.1,-5.7,-5.6,-5.652,559,35,0,1994,327,10.00,-1,2,.,2,.,.,.,.,.,.,.,.,1.06,0.15,1.21,.,23.2,.,.,.,.,.,.,.,.,.,.,.,.,23.2,.,.,.,.,.,.,10.7,22.1,27,0.28,0.41,0.26,0.06,.,0.13886364,.,0.13886364,.,.,.,.,.,.,.,.,.,.,.,.,.,.,.,.,.,-5.6,-5.6,-5.6,49.8,70.4,60.1,-5.7,-5.6,-5.653,238,35,0,1994,327,10.00,1,2,.,2,.,.,.,.,.,.,.,.,0.96,0.15,1.11,.,22.3,.,.,.,.,.,.,.,.,.,.,.,.,22.3,.,.,.,.,.,.,33.4,21.9,26.1,0.1,0.19,0.11,0.05,.,0.15043561,.,0.15043561,.,.,.,.,.,.,.,.,.,.,.,.,.,.,.,.,.,-5.6,-5.6,-5.6,49.8,70.4,60.1,-5.7,-5.6,-5.653,559,45,0,1994,327,10.00,0,2,.,2,.,.,.,.,.,.,.,.,0.51,0.15,0.66,.,22,.,.,.,.,.,.,.,.,.,.,.,.,22,.,.,.,.,.,.,39.8,21.9,22.6,-0.13,-0.13,-0.66,0.14,.,0.154292933,.,0.154292933,.,.,.,.,.,.,.,.,.,.,.,.,.,.,.,.,.,-5.6,-5.6,-5.6,49.8,70.4,60.1,-5.7,-5.6,-5.653,738,35,0,1994,327,10.00,0,2,.,2,.,.,.,.,.,.,.,.,0.64,0.15,0.79,.,22,.,.,.,.,.,.,.,.,.,.,.,.,22,.,.,.,.,.,.,39.8,21.9,23.6,-0.08,-0.08,-0.4,0.08,.,0.154292933,.,0.154292933,.,.,.,.,.,.,.,.,.,.,.,.,.,.,.,.,.,-5.6,-5.6,-5.6,49.8,70.4,60.1,-5.7,-5.6,-5.653,961,25,1,1994,327,10.00,1,2,.,1,.,.,.,.,.,.,.,.,0.67,0.15,0.82,.,21.6,.,.,.,.,.,.,.,.,.,.,.,.,21.6,.,.,.,.,.,.,38.9,21.5,23.5,-0.08,-0.08,-0.45,0.09,.,0.159436031,.,0.159436031,.,.,.,.,.,.,.,.,.,.,.,.,.,.,.,.,.,-5.6,-5.6,-5.6,49.8,70.4,60.1,-5.7,-5.6,-5.653,1031,25,0,1994,327,10.00,1,2,.,2,.,.,.,.,.,.,.,.,0.57,0.15,0.72,.,22.3,.,.,.,.,.,.,.,.,.,.,.,.,22.3,.,.,.,.,.,.,33.4,22.1,23.3,-0.09,-0.09,-0.5,0.1,.,0.15043561,.,0.15043561,.,.,.,.,.,.,.,.,.,.,.,.,.,.,.,.,.,-5.6,-5.6,-5.6,49.8,70.4,60.1,-5.7,-5.6,-5.653,1287,25,1,1994,327,10.00,2,1,.,2,.,.,.,.,.,.,.,.,0.67,0.15,0.82,.,22.3,.,.,.,.,.,.,.,.,.,.,.,.,22.3,.,.,.,.,.,.,30.1,22.1,24,-0.06,-0.06,-0.33,0.07,.,0.15043561,.,0.15043561,.,.,.,.,.,.,.,.,.,.,.,.,.,.,.,.,.,-5.6,-5.6,-5.6,49.8,70.4,60.1,-5.7,-5.6,-5.653,1356,25,1,1994,327,10.00,0,2,.,2,.,.,.,.,.,.,.,.,0.64,0.15,0.79,.,22.3,.,.,.,.,.,.,.,.,.,.,.,.,22.3,.,.,.,.,.,.,30.1,22.1,23.8,-0.07,-0.07,-0.38,0.08,.,0.15043561,.,0.15043561,.,.,.,.,.,.,.,.,.,.,.,.,.,.,.,.,.,-5.6,-5.6,-5.6,49.8,70.4,60.1,-5.7,-5.6,-5.653,1659,25,1,1994,327,10.00,0,2,.,2,.,.,.,.,.,.,.,.,0.67,0.15,0.82,.,22.3,.,.,.,.,.,.,.,.,.,.,.,.,22.3,.,.,.,.,.,.,26.8,22,24,-0.06,-0.06,-0.35,0.08,.,0.15043561,.,0.15043561,.,.,.,.,.,.,.,.,.,.,.,.,.,.,.,.,.,-5.6,-5.6,-5.6,49.8,70.4,60.1,-5.7,-5.6,-5.653,1799,25,1,1994,327,10.00,1,2,.,2,.,.,.,.,.,.,.,.,0.99,0.15,1.14,.,23.8,.,.,.,.,.,.,.,.,.,.,.,.,23.8,.,.,.,.,.,.,24.9,23,27.3,0.35,0.53,0.4,0.08,.,0.131148993,.,0.131148993,.,.,.,.,.,.,.,.,.,.,.,.,.,.,.,.,.,-5.6,-5.6,-5.6,49.8,70.4,60.1,-5.7,-5.6,-5.653,1846,65,0,1994,327,10.00,0,2,.,2,.,.,.,.,.,.,.,.,0.64,0.15,0.79,.,22.3,.,.,.,.,.,.,.,.,.,.,.,.,22.3,.,.,.,.,.,.,30.1,22.1,23.8,-0.07,-0.07,-0.38,0.08,.,0.15043561,.,0.15043561,.,.,.,.,.,.,.,.,.,.,.,.,.,.,.,.,.,-5.6,-5.6,-5.6,49.8,70.4,60.1,-5.7,-5.6,-5.653,1921,.,.,1994,327,10.00,0,2,.,2,.,.,.,.,.,.,.,.,0.58,0.15,0.73,.,22.3,.,.,.,.,.,.,.,.,.,.,.,.,22.3,.,.,.,.,.,.,26.8,22,23.3,-0.1,-0.1,-0.51,0.1,.,0.15043561,.,0.15043561,.,.,.,.,.,.,.,.,.,.,.,.,.,.,.,.,.,-5.6,-5.6,-5.6,49.8,70.4,60.1,-5.7,-5.6,-5.653,2000,25,1,1994,327,10.00,1,2,.,1,.,.,.,.,.,.,.,.,0.63,0.15,0.78,.,22.3,.,.,.,.,.,.,.,.,.,.,.,.,22.3,.,.,.,.,.,.,33.4,22.1,23.7,-0.07,-0.07,-0.38,0.08,.,0.15043561,.,0.15043561,.,.,.,.,.,.,.,.,.,.,.,.,.,.,.,.,.,-5.6,-5.6,-5.6,49.8,70.4,60.1,-5.7,-5.6,-5.654,38,35,1,1994,327,10.00,0,2,.,2,.,.,.,.,.,.,.,.,0.67,0.15,0.82,.,23.4,.,.,.,.,.,.,.,.,.,.,.,.,23.4,.,.,.,.,.,.,14.2,23,24.8,-0.03,-0.03,-0.16,0.06,.,0.136292091,.,0.136292091,.,.,.,.,.,.,.,.,.,.,.,.,.,.,.,.,.,-5.6,-5.6,-5.6,49.8,70.4,60.1,-5.7,-5.6,-5.651,102,45,0,1994,327,11.00,0,2,.,2,.,.,.,.,.,.,.,.,0.96,0.15,1.11,.,21.6,.,.,.,.,.,.,.,.,.,.,.,.,21.6,.,.,.,.,.,.,15.5,21.1,25.3,-0.01,-0.01,-0.14,0.05,.,0.159436031,.,0.159436031,.,.,.,.,.,.,.,.,.,.,.,.,.,.,.,.,.,-5.6,-6,-5.8,49.8,52,50.9,-5.7,-6.1,-5.91,360,35,0,1994,327,11.00,-3,1,.,3,.,.,.,.,.,.,.,.,1.04,0.15,1.19,.,21.6,.,.,.,.,.,.,.,.,.,.,.,.,21.6,.,.,.,.,.,.,15.5,21,25.8,0,0,-0.04,0.05,.,0.159436031,.,0.159436031,.,.,.,.,.,.,.,.,.,.,.,.,.,.,.,.,.,-5.6,-6,-5.8,49.8,52,50.9,-5.7,-6.1,-5.93,1225,35,0,1994,327,11.00,-1,2,.,2,.,.,.,.,.,.,.,.,0.64,0.15,0.79,.,22.7,.,.,.,.,.,.,.,.,.,.,.,.,22.7,.,.,.,.,.,.,28.6,22.5,24.2,-0.05,-0.05,-0.29,0.07,.,0.145292512,.,0.145292512,.,.,.,.,.,.,.,.,.,.,.,.,.,.,.,.,.,-5.6,-6,-5.8,49.8,52,50.9,-5.7,-6.1,-5.91,151,35,0,1994,327,15.00,3,1,.,2,.,.,.,.,.,.,.,.,0.96,0.15,1.11,.,22.3,.,.,.,.,.,.,.,.,.,.,.,.,22.3,.,.,.,.,.,.,12.7,21.6,25.8,0.02,0.06,-0.01,0.05,.,0.15043561,.,0.15043561,.,.,.,.,.,.,.,.,.,.,.,.,.,.,.,.,.,-5.6,-5.6,-5.6,49.8,49.8,49.8,-5.7,-5.7,-5.71,361,35,0,1994,327,15.00,-1,2,.,3,.,.,.,.,.,.,.,.,1.04,0.15,1.19,.,22.3,.,.,.,.,.,.,.,.,.,.,.,.,22.3,.,.,.,.,.,.,12.7,21.5,26.3,0.12,0.2,0.08,0.05,.,0.15043561,.,0.15043561,.,.,.,.,.,.,.,.,.,.,.,.,.,.,.,.,.,-5.6,-5.6,-5.6,49.8,49.8,49.8,-5.7,-5.7,-5.72,101,25,1,1994,327,15.00,1,2,.,1,.,.,.,.,.,.,.,.,0.41,0.15,0.56,.,23.2,.,.,.,.,.,.,.,.,.,.,.,.,23.2,.,.,.,.,.,.,10.7,22.7,22.6,-0.14,-0.14,-0.73,0.16,.,0.13886364,.,0.13886364,.,.,.,.,.,.,.,.,.,.,.,.,.,.,.,.,.,-5.6,-5.6,-5.6,49.8,49.8,49.8,-5.7,-5.7,-5.72,178,45,1,1994,327,15.00,-1,2,.,3,.,.,.,.,.,.,.,.,1.08,0.15,1.23,.,23.2,.,.,.,.,.,.,.,.,.,.,.,.,23.2,.,.,.,.,.,.,10.7,22.1,27.1,0.3,0.44,0.28,0.07,.,0.13886364,.,0.13886364,.,.,.,.,.,.,.,.,.,.,.,.,.,.,.,.,.,-5.6,-5.6,-5.6,49.8,49.8,49.8,-5.7,-5.7,-5.72,457,55,1,1994,327,15.00,0,2,.,2,.,.,.,.,.,.,.,.,1.08,0.15,1.23,.,23.2,.,.,.,.,.,.,.,.,.,.,.,.,23.2,.,.,.,.,.,.,10.7,22.1,27.1,0.3,0.44,0.28,0.07,.,0.13886364,.,0.13886364,.,.,.,.,.,.,.,.,.,.,.,.,.,.,.,.,.,-5.6,-5.6,-5.6,49.8,49.8,49.8,-5.7,-5.7,-5.72,513,45,1,1994,327,15.00,0,2,.,2,.,.,.,.,.,.,.,.,0.55,0.15,0.7,.,23.2,.,.,.,.,.,.,.,.,.,.,.,.,23.2,.,.,.,.,.,.,10.7,22.7,23.7,-0.08,-0.08,-0.44,0.09,.,0.13886364,.,0.13886364,.,.,.,.,.,.,.,.,.,.,.,.,.,.,.,.,.,-5.6,-5.6,-5.6,49.8,49.8,49.8,-5.7,-5.7,-5.72,614,45,0,1994,327,15.00,-3,1,.,3,.,.,.,.,.,.,.,.,1.14,0.15,1.29,.,23.2,.,.,.,.,.,.,.,.,.,.,.,.,23.2,.,.,.,.,.,.,10.7,22,27.5,0.36,0.53,0.34,0.07,.,0.13886364,.,0.13886364,.,.,.,.,.,.,.,.,.,.,.,.,.,.,.,.,.,-5.6,-5.6,-5.6,49.8,49.8,49.8,-5.7,-5.7,-5.72,768,55,0,1994,327,15.00,0,2,.,2,.,.,.,.,.,.,.,.,0.62,0.15,0.77,.,23.2,.,.,.,.,.,.,.,.,.,.,.,.,23.2,.,.,.,.,.,.,10.7,22.7,24.3,-0.05,-0.05,-0.31,0.07,.,0.13886364,.,0.13886364,.,.,.,.,.,.,.,.,.,.,.,.,.,.,.,.,.,-5.6,-5.6,-5.6,49.8,49.8,49.8,-5.7,-5.7,-5.73,341,35,0,1994,327,15.00,1,2,.,2,.,.,.,.,.,.,.,.,0.96,0.15,1.11,.,22.7,.,.,.,.,.,.,.,.,.,.,.,.,22.7,.,.,.,.,.,.,27.2,22.1,26.3,0.15,0.25,0.16,0.05,.,0.145292512,.,0.145292512,.,.,.,.,.,.,.,.,.,.,.,.,.,.,.,.,.,-5.6,-5.6,-5.6,49.8,49.8,49.8,-5.7,-5.7,-5.73,471,35,0,1994,327,15.00,-1,2,.,2,.,.,.,.,.,.,.,.,0.57,0.15,0.72,.,22.3,.,.,.,.,.,.,.,.,.,.,.,.,22.3,.,.,.,.,.,.,34.7,22.1,23.3,-0.09,-0.09,-0.48,0.1,.,0.15043561,.,0.15043561,.,.,.,.,.,.,.,.,.,.,.,.,.,.,.,.,.,-5.6,-5.6,-5.6,49.8,49.8,49.8,-5.7,-5.7,-5.73,675,35,0,1994,327,15.00,1,2,.,2,.,.,.,.,.,.,.,.,1.01,0.15,1.16,.,22.3,.,.,.,.,.,.,.,.,.,.,.,.,22.3,.,.,.,.,.,.,36.1,22,26.5,0.17,0.3,0.19,0.06,.,0.15043561,.,0.15043561,.,.,.,.,.,.,.,.,.,.,.,.,.,.,.,.,.,-5.6,-5.6,-5.6,49.8,49.8,49.8,-5.7,-5.7,-5.73,820,25,1,1994,327,15.00,0,2,.,2,.,.,.,.,.,.,.,.,1,0.15,1.15,.,22.3,.,.,.,.,.,.,.,.,.,.,.,.,22.3,.,.,.,.,.,.,34.7,21.9,26.4,0.16,0.27,0.17,0.06,.,0.15043561,.,0.15043561,.,.,.,.,.,.,.,.,.,.,.,.,.,.,.,.,.,-5.6,-5.6,-5.6,49.8,49.8,49.8,-5.7,-5.7,-5.73,1226,35,0,1994,327,15.00,0,2,.,2,.,.,.,.,.,.,.,.,1.32,0.15,1.47,.,23,.,.,.,.,.,.,.,.,.,.,.,.,23,.,.,.,.,.,.,25.1,22,28.7,0.53,0.9,0.55,0.11,.,0.141435189,.,0.141435189,.,.,.,.,.,.,.,.,.,.,.,.,.,.,.,.,.,-5.6,-5.6,-5.6,49.8,49.8,49.8,-5.6,-5.6,-5.63,1357,25,1,1994,327,15.00,-1,2,.,3,.,.,.,.,.,.,.,.,0.64,0.15,0.79,.,23,.,.,.,.,.,.,.,.,.,.,.,.,23,.,.,.,.,.,.,25.1,22.7,24.4,-0.04,-0.04,-0.24,0.06,.,0.141435189,.,0.141435189,.,.,.,.,.,.,.,.,.,.,.,.,.,.,.,.,.,-5.6,-5.6,-5.6,49.8,49.8,49.8,-5.7,-5.7,-5.73,1660,25,1,1994,327,15.00,0,2,.,2,.,.,.,.,.,.,.,.,0.67,0.15,0.82,.,22.7,.,.,.,.,.,.,.,.,.,.,.,.,22.7,.,.,.,.,.,.,22.7,22.4,24.3,-0.05,-0.05,-0.28,0.07,.,0.145292512,.,0.145292512,.,.,.,.,.,.,.,.,.,.,.,.,.,.,.,.,.,-5.6,-5.6,-5.6,49.8,49.8,49.8,-5.7,-5.7,-5.73,1800,25,1,1994,327,15.00,0,2,.,2,.,.,.,.,.,.,.,.,0.99,0.15,1.14,.,23.8,.,.,.,.,.,.,.,.,.,.,.,.,23.8,.,.,.,.,.,.,22.4,22.9,27.3,0.34,0.5,0.38,0.08,.,0.131148993,.,0.131148993,.,.,.,.,.,.,.,.,.,.,.,.,.,.,.,.,.,-5.6,-5.6,-5.6,49.8,49.8,49.8,-5.7,-5.7,-5.73,1847,65,0,1994,327,15.00,.,.,.,.,.,.,.,.,.,.,.,.,0.64,0.15,0.79,.,23,.,.,.,.,.,.,.,.,.,.,.,.,23,.,.,.,.,.,.,25.1,22.7,24.4,-0.04,-0.04,-0.24,0.06,.,0.141435189,.,0.141435189,.,.,.,.,.,.,.,.,.,.,.,.,.,.,.,.,.,-5.6,-5.6,-5.6,49.8,49.8,49.8,-5.7,-5.7,-5.72,318,45,1,1994,327,16.00,-1,2,.,3,.,.,.,.,.,.,.,.,0.67,0.15,0.82,.,23.2,.,.,.,.,.,.,.,.,.,.,.,.,23.2,.,.,.,.,.,.,10.7,22.7,24.6,-0.04,-0.04,-0.23,0.06,.,0.13886364,.,0.13886364,.,.,.,.,.,.,.,.,.,.,.,.,.,.,.,.,.,-5.6,-5.7,-5.65,49.8,53.8,51.8,-5.7,-5.8,-5.752,387,35,1,1994,327,16.00,-2,1,.,3,.,.,.,.,.,.,.,.,0.56,0.15,0.71,.,23.2,.,.,.,.,.,.,.,.,.,.,.,.,23.2,.,.,.,.,.,.,10.7,22.7,23.8,-0.08,-0.08,-0.42,0.09,.,0.13886364,.,0.13886364,.,.,.,.,.,.,.,.,.,.,.,.,.,.,.,.,.,-5.6,-5.7,-5.65,49.8,53.8,51.8,-5.7,-5.8,-5.753,1032,25,0,1994,327,16.00,-1,2,.,2,.,.,.,.,.,.,.,.,0.62,0.15,0.77,.,22.7,.,.,.,.,.,.,.,.,.,.,.,.,22.7,.,.,.,.,.,.,27.2,22.4,24,-0.06,-0.06,-0.34,0.07,.,0.145292512,.,0.145292512,.,.,.,.,.,.,.,.,.,.,.,.,.,.,.,.,.,-5.6,-5.7,-5.65,49.8,53.8,51.8,-5.7,-5.8,-5.751,44,45,0,1994,328,11.00,0,2,.,2,.,.,.,.,.,.,.,.,1.14,0.15,1.29,.,21.6,.,.,.,.,.,.,.,.,.,.,.,.,21.6,.,.,.,.,.,.,13.6,20.8,26.4,0.13,0.22,0.06,0.05,.,0.159436031,.,0.159436031,.,.,.,.,.,.,.,.,.,.,.,.,.,.,.,.,.,-2.9,-6.5,-4.7,42.5,59.4,50.95,-3,-6.5,-4.751,216,45,0,1994,328,11.00,0,2,.,3,.,.,.,.,.,.,.,.,0.69,0.15,0.84,.,21.6,.,.,.,.,.,.,.,.,.,.,.,.,21.6,.,.,.,.,.,.,13.6,21.2,23.3,-0.1,-0.1,-0.56,0.11,.,0.159436031,.,0.159436031,.,.,.,.,.,.,.,.,.,.,.,.,.,.,.,.,.,-2.9,-6.5,-4.7,42.5,59.4,50.95,-3,-6.5,-4.751,486,45,0,1994,328,11.00,0,2,.,2,.,.,.,.,.,.,.,.,1.06,0.15,1.21,.,21.6,.,.,.,.,.,.,.,.,.,.,.,.,21.6,.,.,.,.,.,.,13.6,20.9,25.9,0.02,0.08,-0.02,0.05,.,0.159436031,.,0.159436031,.,.,.,.,.,.,.,.,.,.,.,.,.,.,.,.,.,-2.9,-6.5,-4.7,42.5,59.4,50.95,-3,-6.5,-4.752,615,45,0,1994,328,11.00,0,2,.,2,.,.,.,.,.,.,.,.,0.8,0.15,0.95,.,23.2,.,.,.,.,.,.,.,.,.,.,.,.,23.2,.,.,.,.,.,.,10.7,22.5,25.4,0,0,-0.04,0.05,.,0.13886364,.,0.13886364,.,.,.,.,.,.,.,.,.,.,.,.,.,.,.,.,.,-2.9,-6.5,-4.7,42.5,59.4,50.95,-3,-6.5,-4.753,40,35,0,1994,328,11.00,-1,2,.,3,.,.,.,.,.,.,.,.,0.62,0.15,0.77,.,22,.,.,.,.,.,.,.,.,.,.,.,.,22,.,.,.,.,.,.,35.8,21.8,23.4,-0.09,-0.09,-0.46,0.09,.,0.154292933,.,0.154292933,.,.,.,.,.,.,.,.,.,.,.,.,.,.,.,.,.,-2.9,-6.5,-4.7,42.5,59.4,50.95,-3,-6.6,-4.83,342,35,0,1994,328,11.00,2,1,.,1,.,.,.,.,.,.,.,.,1.38,0.15,1.53,.,23.4,.,.,.,.,.,.,.,.,.,.,.,.,23.4,.,.,.,.,.,.,28.8,22.5,29.5,0.64,1.13,0.69,0.15,.,0.136292091,.,0.136292091,.,.,.,.,.,.,.,.,.,.,.,.,.,.,.,.,.,-2.9,-6.5,-4.7,42.5,59.4,50.95,-3,-6.5,-4.753,560,45,0,1994,328,11.00,-1,2,.,3,.,.,.,.,.,.,.,.,0.51,0.15,0.66,.,23,.,.,.,.,.,.,.,.,.,.,.,.,23,.,.,.,.,.,.,35.2,22.8,23.5,-0.08,-0.08,-0.42,0.09,.,0.141435189,.,0.141435189,.,.,.,.,.,.,.,.,.,.,.,.,.,.,.,.,.,-2.9,-6.5,-4.7,42.5,59.4,50.95,-3,-6.6,-4.83,739,35,0,1994,328,11.00,1,2,.,1,.,.,.,.,.,.,.,.,1.06,0.15,1.21,.,23,.,.,.,.,.,.,.,.,.,.,.,.,23,.,.,.,.,.,.,35.2,22.5,27.4,0.33,0.55,0.38,0.08,.,0.141435189,.,0.141435189,.,.,.,.,.,.,.,.,.,.,.,.,.,.,.,.,.,-2.9,-6.5,-4.7,42.5,59.4,50.95,-3,-6.5,-4.753,821,25,1,1994,328,11.00,0,2,.,2,.,.,.,.,.,.,.,.,1.09,0.15,1.24,.,22,.,.,.,.,.,.,.,.,.,.,.,.,22,.,.,.,.,.,.,35.8,21.6,26.8,0.21,0.37,0.21,0.06,.,0.154292933,.,0.154292933,.,.,.,.,.,.,.,.,.,.,.,.,.,.,.,.,.,-2.9,-6.5,-4.7,42.5,59.4,50.95,-3,-6.5,-4.753,1562,.,.,1994,328,11.00,0,2,.,2,.,.,.,.,.,.,.,.,1.06,0.15,1.21,.,24.1,.,.,.,.,.,.,.,.,.,.,.,.,24.1,.,.,.,.,.,.,22.4,23.1,27.9,0.45,0.68,0.51,0.1,.,0.12729167,.,0.12729167,.,.,.,.,.,.,.,.,.,.,.,.,.,.,.,.,.,-2.9,-6.5,-4.7,42.5,59.4,50.95,-3,-6.5,-4.753,1748,45,1,1994,328,11.00,0,2,.,2,.,.,.,.,.,.,.,.,0.63,0.15,0.78,.,22.7,.,.,.,.,.,.,.,.,.,.,.,.,22.7,.,.,.,.,.,.,23.7,22.4,24,-0.06,-0.06,-0.34,0.07,.,0.145292512,.,0.145292512,.,.,.,.,.,.,.,.,.,.,.,.,.,.,.,.,.,-2.9,-6.5,-4.7,42.5,59.4,50.95,-3,-6.5,-4.753,1801,25,1,1994,328,11.00,1,2,.,2,.,.,.,.,.,.,.,.,0.78,0.15,0.93,.,24.1,.,.,.,.,.,.,.,.,.,.,.,.,24.1,.,.,.,.,.,.,22.4,23.4,26.2,0.15,0.22,0.21,0.06,.,0.12729167,.,0.12729167,.,.,.,.,.,.,.,.,.,.,.,.,.,.,.,.,.,-2.9,-6.5,-4.7,42.5,59.4,50.95,-3,-6.5,-4.753,2001,25,1,1994,328,11.00,1,2,.,2,.,.,.,.,.,.,.,.,0.45,0.15,0.6,.,23.4,.,.,.,.,.,.,.,.,.,.,.,.,23.4,.,.,.,.,.,.,28.8,23.1,23.3,-0.09,-0.09,-0.47,0.1,.,0.136292091,.,0.136292091,.,.,.,.,.,.,.,.,.,.,.,.,.,.,.,.,.,-2.9,-6.5,-4.7,42.5,59.4,50.95,-3,-6.6,-4.84,39,35,1,1994,328,11.00,-1,2,.,3,.,.,.,.,.,.,.,.,0.42,0.15,0.57,.,23.4,.,.,.,.,.,.,.,.,.,.,.,.,23.4,.,.,.,.,.,.,9.8,22.9,22.8,-0.12,-0.12,-0.65,0.14,.,0.136292091,.,0.136292091,.,.,.,.,.,.,.,.,.,.,.,.,.,.,.,.,.,-2.9,-6.5,-4.7,42.5,59.4,50.95,-3,-6.6,-4.81,413,45,0,1994,328,12.00,0,2,.,2,.,.,.,.,.,.,.,.,0.66,0.15,0.81,.,21.6,.,.,.,.,.,.,.,.,.,.,.,.,21.6,.,.,.,.,.,.,12.7,21.2,23.1,-0.11,-0.11,-0.62,0.13,.,0.159436031,.,0.159436031,.,.,.,.,.,.,.,.,.,.,.,.,.,.,.,.,.,-2.9,-5.3,-4.1,42.5,54.3,48.4,-3,-5.4,-4.22,769,55,0,1994,328,12.00,0,2,.,2,.,.,.,.,.,.,.,.,0.62,0.15,0.77,.,23.2,.,.,.,.,.,.,.,.,.,.,.,.,23.2,.,.,.,.,.,.,10.7,22.7,24.3,-0.05,-0.05,-0.31,0.07,.,0.13886364,.,0.13886364,.,.,.,.,.,.,.,.,.,.,.,.,.,.,.,.,.,-2.9,-5.3,-4.1,42.5,54.3,48.4,-3,-5.4,-4.23,1132,.,.,1994,328,12.00,0,2,.,2,.,.,.,.,.,.,.,.,0.67,0.15,0.82,.,22.7,.,.,.,.,.,.,.,.,.,.,.,.,22.7,.,.,.,.,.,.,27.1,22.4,24.4,-0.04,-0.04,-0.25,0.06,.,0.145292512,.,0.145292512,.,.,.,.,.,.,.,.,.,.,.,.,.,.,.,.,.,-2.9,-5.3,-4.1,42.5,54.3,48.4,-3,-5.4,-4.23,1490,45,1,1994,328,12.00,1,2,.,1,.,.,.,.,.,.,.,.,1,0.15,1.15,.,22.7,.,.,.,.,.,.,.,.,.,.,.,.,22.7,.,.,.,.,.,.,27.1,22.1,26.6,0.19,0.32,0.2,0.06,.,0.145292512,.,0.145292512,.,.,.,.,.,.,.,.,.,.,.,.,.,.,.,.,.,-2.9,-5.3,-4.1,42.5,54.3,48.4,-3,-5.3,-4.153,1848,65,0,1994,328,12.00,1,2,.,2,.,.,.,.,.,.,.,.,0.98,0.15,1.13,.,22.7,.,.,.,.,.,.,.,.,.,.,.,.,22.7,.,.,.,.,.,.,27.1,22.1,26.5,0.17,0.28,0.18,0.06,.,0.145292512,.,0.145292512,.,.,.,.,.,.,.,.,.,.,.,.,.,.,.,.,.,-2.9,-5.3,-4.1,42.5,54.3,48.4,-3,-5.3,-4.153,1923,.,.,1994,328,12.00,-1,2,.,3,.,.,.,.,.,.,.,.,0.85,0.15,1,.,22.7,.,.,.,.,.,.,.,.,.,.,.,.,22.7,.,.,.,.,.,.,22.7,22.2,25.5,0,0,-0.01,0.05,.,0.145292512,.,0.145292512,.,.,.,.,.,.,.,.,.,.,.,.,.,.,.,.,.,-2.9,-5.3,-4.1,42.5,54.3,48.4,-3,-5.3,-4.152,103,25,1,1994,328,16.00,1,2,.,3,.,.,.,.,.,.,.,.,0.51,0.15,0.66,.,23.2,.,.,.,.,.,.,.,.,.,.,.,.,23.2,.,.,.,.,.,.,10.7,22.7,23.4,-0.1,-0.1,-0.51,0.11,.,0.13886364,.,0.13886364,.,.,.,.,.,.,.,.,.,.,.,.,.,.,.,.,.,-2.9,-2.9,-2.9,42.5,42.5,42.5,-3,-3,-32,320,45,1,1994,328,16.00,-1,2,.,3,.,.,.,.,.,.,.,.,0.92,0.15,1.07,.,23.2,.,.,.,.,.,.,.,.,.,.,.,.,23.2,.,.,.,.,.,.,10.7,22.3,26.2,0.12,0.19,0.11,0.05,.,0.13886364,.,0.13886364,.,.,.,.,.,.,.,.,.,.,.,.,.,.,.,.,.,-2.9,-2.9,-2.9,42.5,42.5,42.5,-3,-3,-32,389,35,1,1994,328,16.00,-1,2,.,3,.,.,.,.,.,.,.,.,0.67,0.15,0.82,.,23.2,.,.,.,.,.,.,.,.,.,.,.,.,23.2,.,.,.,.,.,.,10.7,22.7,24.6,-0.04,-0.04,-0.23,0.06,.,0.13886364,.,0.13886364,.,.,.,.,.,.,.,.,.,.,.,.,.,.,.,.,.,-2.9,-2.9,-2.9,42.5,42.5,42.5,-3,-3,-32,770,55,0,1994,328,16.00,0,2,.,2,.,.,.,.,.,.,.,.,0.62,0.15,0.77,.,23.2,.,.,.,.,.,.,.,.,.,.,.,.,23.2,.,.,.,.,.,.,10.7,22.7,24.3,-0.05,-0.05,-0.31,0.07,.,0.13886364,.,0.13886364,.,.,.,.,.,.,.,.,.,.,.,.,.,.,.,.,.,-2.9,-2.9,-2.9,42.5,42.5,42.5,-3,-3,-33,41,35,0,1994,328,16.00,-1,2,.,3,.,.,.,.,.,.,.,.,0.62,0.15,0.77,.,22,.,.,.,.,.,.,.,.,.,.,.,.,22,.,.,.,.,.,.,35.8,21.8,23.4,-0.09,-0.09,-0.46,0.09,.,0.154292933,.,0.154292933,.,.,.,.,.,.,.,.,.,.,.,.,.,.,.,.,.,-2.9,-2.9,-2.9,42.5,42.5,42.5,-3,-3,-33,343,35,0,1994,328,16.00,1,2,.,2,.,.,.,.,.,.,.,.,1.38,0.15,1.53,.,22.7,.,.,.,.,.,.,.,.,.,.,.,.,22.7,.,.,.,.,.,.,27.7,21.8,28.9,0.54,0.96,0.56,0.12,.,0.145292512,.,0.145292512,.,.,.,.,.,.,.,.,.,.,.,.,.,.,.,.,.,-2.9,-2.9,-2.9,42.5,42.5,42.5,-3,-3,-33,403,45,0,1994,328,16.00,1,2,.,2,.,.,.,.,.,.,.,.,1.04,0.15,1.19,.,24.5,.,.,.,.,.,.,.,.,.,.,.,.,24.5,.,.,.,.,.,.,21,23.4,28.1,0.49,0.72,0.57,0.12,.,0.122148572,.,0.122148572,.,.,.,.,.,.,.,.,.,.,.,.,.,.,.,.,.,-2.9,-2.9,-2.9,42.5,42.5,42.5,-3,-3,-33,561,45,0,1994,328,16.00,0,2,.,2,.,.,.,.,.,.,.,.,0.93,0.15,1.08,.,23.4,.,.,.,.,.,.,.,.,.,.,.,.,23.4,.,.,.,.,.,.,34.2,22.9,26.9,0.26,0.41,0.31,0.07,.,0.136292091,.,0.136292091,.,.,.,.,.,.,.,.,.,.,.,.,.,.,.,.,.,-2.9,-2.9,-2.9,42.5,42.5,42.5,-3,-3,-33,1178,45,1,1994,328,16.00,.,.,.,2,.,.,.,.,.,.,.,.,0.59,0.15,0.74,.,22.7,.,.,.,.,.,.,.,.,.,.,.,.,22.7,.,.,.,.,.,.,24.6,22.4,23.7,-0.08,-0.08,-0.4,0.08,.,0.145292512,.,0.145292512,.,.,.,.,.,.,.,.,.,.,.,.,.,.,.,.,.,-2.9,-2.9,-2.9,42.5,42.5,42.5,-3,-3,-33,1563,.,.,1994,328,16.00,0,2,.,2,.,.,.,.,.,.,.,.,1.06,0.15,1.21,.,24.5,.,.,.,.,.,.,.,.,.,.,.,.,24.5,.,.,.,.,.,.,21,23.4,28.2,0.51,0.75,0.58,0.12,.,0.122148572,.,0.122148572,.,.,.,.,.,.,.,.,.,.,.,.,.,.,.,.,.,-2.9,-2.9,-2.9,42.5,42.5,42.5,-3,-3,-33,1662,25,1,1994,328,16.00,0,2,.,2,.,.,.,.,.,.,.,.,1.09,0.15,1.24,.,22.3,.,.,.,.,.,.,.,.,.,.,.,.,22.3,.,.,.,.,.,.,23.2,21.6,26.8,0.21,0.35,0.2,0.06,.,0.15043561,.,0.15043561,.,.,.,.,.,.,.,.,.,.,.,.,.,.,.,.,.,-2.9,-2.9,-2.9,42.5,42.5,42.5,-3,-3,-33,888,35,0,1994,328,17.00,-1,2,.,2,.,.,.,.,.,.,.,.,0.62,0.15,0.77,.,22,.,.,.,.,.,.,.,.,.,.,.,.,22,.,.,.,.,.,.,36.3,21.8,23.4,-0.09,-0.09,-0.46,0.09,.,0.154292933,.,0.154292933,.,.,.,.,.,.,.,.,.,.,.,.,.,.,.,.,.,-2.9,-2.9,-2.9,42.5,49.3,45.9,-3,-3,-33,1034,25,0,1994,328,17.00,.,.,.,1,.,.,.,.,.,.,.,.,0.74,0.15,0.89,.,22.7,.,.,.,.,.,.,.,.,.,.,.,.,22.7,.,.,.,.,.,.,27.7,22.4,24.9,-0.02,-0.02,-0.13,0.05,.,0.145292512,.,0.145292512,.,.,.,.,.,.,.,.,.,.,.,.,.,.,.,.,.,-2.9,-2.9,-2.9,42.5,49.3,45.9,-3,-3,-32,180,45,1,1994,329,12.00,0,2,.,3,.,.,.,.,.,.,.,.,1.18,0.15,1.33,.,23.2,.,.,.,.,.,.,.,.,.,.,.,.,23.2,.,.,.,.,.,.,10.7,21.9,27.7,0.39,0.59,0.38,0.08,.,0.13886364,.,0.13886364,.,.,.,.,.,.,.,.,.,.,.,.,.,.,.,.,.,4.1,3.9,4,41.8,43.2,42.5,4,3.8,3.92,771,55,0,1994,329,12.00,0,2,.,2,.,.,.,.,.,.,.,.,0.62,0.15,0.77,.,23.2,.,.,.,.,.,.,.,.,.,.,.,.,23.2,.,.,.,.,.,.,10.7,22.7,24.3,-0.05,-0.05,-0.31,0.07,.,0.13886364,.,0.13886364,.,.,.,.,.,.,.,.,.,.,.,.,.,.,.,.,.,4.1,3.9,4,41.8,43.2,42.5,4,3.8,3.93,676,35,0,1994,329,12.00,0,2,.,2,.,.,.,.,.,.,.,.,0.74,0.15,0.89,.,21.6,.,.,.,.,.,.,.,.,.,.,.,.,21.6,.,.,.,.,.,.,36.6,21.5,24,-0.06,-0.06,-0.34,0.07,.,0.159436031,.,0.159436031,.,.,.,.,.,.,.,.,.,.,.,.,.,.,.,.,.,4.1,3.9,4,41.8,43.2,42.5,4,3.8,3.93,1179,45,1,1994,329,12.00,1,2,.,2,.,.,.,.,.,.,.,.,0.64,0.15,0.79,.,22.7,.,.,.,.,.,.,.,.,.,.,.,.,22.7,.,.,.,.,.,.,27.1,22.4,24.1,-0.06,-0.06,-0.3,0.07,.,0.145292512,.,0.145292512,.,.,.,.,.,.,.,.,.,.,.,.,.,.,.,.,.,4.1,3.9,4,41.8,43.2,42.5,4,3.8,3.93,1288,25,1,1994,329,12.00,0,2,.,3,.,.,.,.,.,.,.,.,1.05,0.15,1.2,.,22.7,.,.,.,.,.,.,.,.,.,.,.,.,22.7,.,.,.,.,.,.,27.1,22.1,26.9,0.25,0.4,0.26,0.06,.,0.145292512,.,0.145292512,.,.,.,.,.,.,.,.,.,.,.,.,.,.,.,.,.,4.1,3.9,4,41.8,43.2,42.5,4,3.8,3.93,1663,25,1,1994,329,12.00,0,2,.,2,.,.,.,.,.,.,.,.,0.97,0.15,1.12,.,22.7,.,.,.,.,.,.,.,.,.,.,.,.,22.7,.,.,.,.,.,.,22.7,22.1,26.3,0.14,0.24,0.14,0.05,.,0.145292512,.,0.145292512,.,.,.,.,.,.,.,.,.,.,.,.,.,.,.,.,.,4.1,3.9,4,41.8,43.2,42.5,4,3.8,3.91,45,45,0,1994,329,13.00,-1,2,.,2,.,.,.,.,.,.,.,.,1.4,0.15,1.55,.,22.7,.,.,.,.,.,.,.,.,.,.,.,.,22.7,.,.,.,.,.,.,14.6,21.4,28.7,0.52,0.87,0.5,0.1,.,0.145292512,.,0.145292512,.,.,.,.,.,.,.,.,.,.,.,.,.,.,.,.,.,4.1,4.1,4.1,41.8,41.8,41.8,4,4,41,217,45,0,1994,329,13.00,0,2,.,2,.,.,.,.,.,.,.,.,0.64,0.15,0.79,.,22.7,.,.,.,.,.,.,.,.,.,.,.,.,22.7,.,.,.,.,.,.,14.6,22.3,24,-0.07,-0.07,-0.38,0.08,.,0.145292512,.,0.145292512,.,.,.,.,.,.,.,.,.,.,.,.,.,.,.,.,.,4.1,4.1,4.1,41.8,41.8,41.8,4,4,42,321,45,1,1994,329,13.00,-1,2,.,2,.,.,.,.,.,.,.,.,1.01,0.15,1.16,.,23.2,.,.,.,.,.,.,.,.,.,.,.,.,23.2,.,.,.,.,.,.,10.7,22.2,26.7,0.23,0.33,0.21,0.06,.,0.13886364,.,0.13886364,.,.,.,.,.,.,.,.,.,.,.,.,.,.,.,.,.,4.1,4.1,4.1,41.8,41.8,41.8,4,4,42,515,45,1,1994,329,13.00,0,2,.,2,.,.,.,.,.,.,.,.,0.96,0.15,1.11,.,23.2,.,.,.,.,.,.,.,.,.,.,.,.,23.2,.,.,.,.,.,.,10.7,22.2,26.4,0.17,0.25,0.16,0.06,.,0.13886364,.,0.13886364,.,.,.,.,.,.,.,.,.,.,.,.,.,.,.,.,.,4.1,4.1,4.1,41.8,41.8,41.8,4,4,42,561,35,0,1994,329,13.00,-1,2,.,2,.,.,.,.,.,.,.,.,1.06,0.15,1.21,.,23.2,.,.,.,.,.,.,.,.,.,.,.,.,23.2,.,.,.,.,.,.,10.7,22.1,27,0.28,0.41,0.26,0.06,.,0.13886364,.,0.13886364,.,.,.,.,.,.,.,.,.,.,.,.,.,.,.,.,.,4.1,4.1,4.1,41.8,41.8,41.8,4,4,43,344,35,0,1994,329,13.00,0,2,.,2,.,.,.,.,.,.,.,.,0.7,0.15,0.85,.,23.8,.,.,.,.,.,.,.,.,.,.,.,.,23.8,.,.,.,.,.,.,27.8,23.4,25.5,0,0.04,0.07,0.05,.,0.131148993,.,0.131148993,.,.,.,.,.,.,.,.,.,.,.,.,.,.,.,.,.,4.1,4.1,4.1,41.8,41.8,41.8,4,4,43,2002,25,1,1994,329,13.00,0,2,.,2,.,.,.,.,.,.,.,.,0.63,0.15,0.78,.,23.8,.,.,.,.,.,.,.,.,.,.,.,.,23.8,.,.,.,.,.,.,27.8,23.5,25.1,-0.01,-0.01,-0.04,0.05,.,0.131148993,.,0.131148993,.,.,.,.,.,.,.,.,.,.,.,.,.,.,.,.,.,4.1,4.1,4.1,41.8,41.8,41.8,4,4,43,889,35,0,1994,329,16.00,-1,2,.,2,.,.,.,.,.,.,.,.,0.62,0.15,0.77,.,21.3,.,.,.,.,.,.,.,.,.,.,.,.,21.3,.,.,.,.,.,.,37.8,21.2,22.8,-0.12,-0.12,-0.62,0.13,.,0.163293354,.,0.163293354,.,.,.,.,.,.,.,.,.,.,.,.,.,.,.,.,.,4.1,3.3,3.7,41.8,52.8,47.3,4,3.3,3.653,242,35,0,1994,329,17.00,0,2,.,2,.,.,.,.,.,.,.,.,0.83,0.15,0.98,.,22.7,.,.,.,.,.,.,.,.,.,.,.,.,22.7,.,.,.,.,.,.,30.8,22.3,25.5,0,0,0.01,0.05,.,0.145292512,.,0.145292512,.,.,.,.,.,.,.,.,.,.,.,.,.,.,.,.,.,4.1,2.8,3.45,41.8,56,48.9,4,2.8,3.43,1664,25,1,1994,329,17.00,0,2,.,2,.,.,.,.,.,.,.,.,0.97,0.15,1.12,.,22,.,.,.,.,.,.,.,.,.,.,.,.,22,.,.,.,.,.,.,25.2,21.5,25.8,0.02,0.08,0.01,0.05,.,0.154292933,.,0.154292933,.,.,.,.,.,.,.,.,.,.,.,.,.,.,.,.,.,4.1,2.8,3.45,41.8,56,48.9,4,2.8,3.41,154,35,0,1994,332,13.00,0,2,.,2,.,.,.,.,.,.,.,.,0.96,0.15,1.11,.,21.6,.,.,.,.,.,.,.,.,.,.,.,.,21.6,.,.,.,.,.,.,23.8,21.2,25.4,-0.01,-0.01,-0.09,0.05,.,0.159436031,.,0.159436031,.,.,.,.,.,.,.,.,.,.,.,.,.,.,.,.,.,1.8,1.4,1.6,100,100.3,100.15,1.9,1.5,1.71,289,45,1,1994,332,13.00,0,2,.,2,.,.,.,.,.,.,.,.,0.57,0.15,0.72,.,21.6,.,.,.,.,.,.,.,.,.,.,.,.,21.6,.,.,.,.,.,.,23.8,21.3,22.5,-0.14,-0.14,-0.73,0.16,.,0.159436031,.,0.159436031,.,.,.,.,.,.,.,.,.,.,.,.,.,.,.,.,.,1.8,1.4,1.6,100,100.3,100.15,1.9,1.5,1.71,563,35,0,1994,332,13.00,0,2,.,2,.,.,.,.,.,.,.,.,0.62,0.15,0.77,.,21.6,.,.,.,.,.,.,.,.,.,.,.,.,21.6,.,.,.,.,.,.,23.8,21.3,22.9,-0.12,-0.12,-0.63,0.13,.,0.159436031,.,0.159436031,.,.,.,.,.,.,.,.,.,.,.,.,.,.,.,.,.,1.8,1.4,1.6,100,100.3,100.15,1.9,1.5,1.71,622,35,0,1994,332,13.00,1,2,.,2,.,.,.,.,.,.,.,.,0.57,0.15,0.72,.,21.6,.,.,.,.,.,.,.,.,.,.,.,.,21.6,.,.,.,.,.,.,23.8,21.3,22.5,-0.14,-0.14,-0.73,0.16,.,0.159436031,.,0.159436031,.,.,.,.,.,.,.,.,.,.,.,.,.,.,.,.,.,1.8,1.4,1.6,100,100.3,100.15,1.9,1.5,1.72,181,45,1,1994,332,13.00,0,2,.,2,.,.,.,.,.,.,.,.,1.16,0.15,1.31,.,23.2,.,.,.,.,.,.,.,.,.,.,.,.,23.2,.,.,.,.,.,.,18.2,22.1,27.7,0.4,0.62,0.41,0.08,.,0.13886364,.,0.13886364,.,.,.,.,.,.,.,.,.,.,.,.,.,.,.,.,.,1.8,1.4,1.6,100,100.3,100.15,1.9,1.5,1.72,516,45,1,1994,332,13.00,0,2,.,2,.,.,.,.,.,.,.,.,0.96,0.15,1.11,.,23.2,.,.,.,.,.,.,.,.,.,.,.,.,23.2,.,.,.,.,.,.,18.2,22.4,26.5,0.2,0.3,0.2,0.06,.,0.13886364,.,0.13886364,.,.,.,.,.,.,.,.,.,.,.,.,.,.,.,.,.,1.8,1.4,1.6,100,100.3,100.15,1.9,1.5,1.72,772,55,0,1994,332,13.00,0,2,.,2,.,.,.,.,.,.,.,.,0.7,0.15,0.85,.,23.2,.,.,.,.,.,.,.,.,.,.,.,.,23.2,.,.,.,.,.,.,18.2,22.8,24.9,-0.02,-0.02,-0.14,0.05,.,0.13886364,.,0.13886364,.,.,.,.,.,.,.,.,.,.,.,.,.,.,.,.,.,1.8,1.4,1.6,100,100.3,100.15,1.9,1.5,1.73,183,.,.,1994,332,13.00,1,2,.,3,.,.,.,.,.,.,.,.,0.67,0.15,0.82,.,22.3,.,.,.,.,.,.,.,.,.,.,.,.,22.3,.,.,.,.,.,.,27.3,22,24,-0.06,-0.06,-0.35,0.08,.,0.15043561,.,0.15043561,.,.,.,.,.,.,.,.,.,.,.,.,.,.,.,.,.,1.8,1.4,1.6,100,100.3,100.15,1.9,1.5,1.73,345,35,0,1994,332,13.00,0,2,.,2,.,.,.,.,.,.,.,.,0.62,0.15,0.77,.,22.3,.,.,.,.,.,.,.,.,.,.,.,.,22.3,.,.,.,.,.,.,28.2,22,23.6,-0.08,-0.08,-0.43,0.09,.,0.15043561,.,0.15043561,.,.,.,.,.,.,.,.,.,.,.,.,.,.,.,.,.,1.8,1.4,1.6,100,100.3,100.15,1.9,1.5,1.73,677,35,0,1994,332,13.00,-2,1,.,3,.,.,.,.,.,.,.,.,0.64,0.15,0.79,.,20.2,.,.,.,.,.,.,.,.,.,.,.,.,20.2,.,.,.,.,.,.,39,20.1,21.9,-0.17,-0.17,-0.85,0.2,.,0.177436873,.,0.177436873,.,.,.,.,.,.,.,.,.,.,.,.,.,.,.,.,.,1.8,1.4,1.6,100,100.3,100.15,1.9,1.5,1.73,822,25,1,1994,332,13.00,0,2,.,2,.,.,.,.,.,.,.,.,0.97,0.15,1.12,.,20.6,.,.,.,.,.,.,.,.,.,.,.,.,20.6,.,.,.,.,.,.,33,20.4,24.7,-0.03,-0.03,-0.23,0.06,.,0.172293776,.,0.172293776,.,.,.,.,.,.,.,.,.,.,.,.,.,.,.,.,.,1.8,1.4,1.6,100,100.3,100.15,1.9,1.5,1.73,1227,35,0,1994,332,13.00,0,2,.,2,.,.,.,.,.,.,.,.,1.32,0.15,1.47,.,22.3,.,.,.,.,.,.,.,.,.,.,.,.,22.3,.,.,.,.,.,.,27.1,21.5,28.2,0.44,0.76,0.44,0.09,.,0.15043561,.,0.15043561,.,.,.,.,.,.,.,.,.,.,.,.,.,.,.,.,.,1.8,1.4,1.6,100,100.3,100.15,1.9,1.5,1.73,1289,25,1,1994,332,13.00,2,1,.,2,.,.,.,.,.,.,.,.,0.67,0.15,0.82,.,22.3,.,.,.,.,.,.,.,.,.,.,.,.,22.3,.,.,.,.,.,.,27.1,22,24,-0.06,-0.06,-0.35,0.08,.,0.15043561,.,0.15043561,.,.,.,.,.,.,.,.,.,.,.,.,.,.,.,.,.,1.8,1.4,1.6,100,100.3,100.15,1.9,1.5,1.73,1665,25,1,1994,332,13.00,0,2,.,2,.,.,.,.,.,.,.,.,1.02,0.15,1.17,.,22.3,.,.,.,.,.,.,.,.,.,.,.,.,22.3,.,.,.,.,.,.,27.3,21.8,26.4,0.15,0.26,0.14,0.05,.,0.15043561,.,0.15043561,.,.,.,.,.,.,.,.,.,.,.,.,.,.,.,.,.,1.8,1.4,1.6,100,100.3,100.15,1.9,1.5,1.73,1849,65,0,1994,332,13.00,0,2,.,2,.,.,.,.,.,.,.,.,0.64,0.15,0.79,.,22.3,.,.,.,.,.,.,.,.,.,.,.,.,22.3,.,.,.,.,.,.,27.1,22,23.8,-0.07,-0.07,-0.4,0.08,.,0.15043561,.,0.15043561,.,.,.,.,.,.,.,.,.,.,.,.,.,.,.,.,.,1.8,1.4,1.6,100,100.3,100.15,1.9,1.5,1.74,42,35,1,1994,332,13.00,-1,2,.,3,.,.,.,.,.,.,.,.,0.63,0.15,0.78,.,23.4,.,.,.,.,.,.,.,.,.,.,.,.,23.4,.,.,.,.,.,.,19.8,23,24.6,-0.03,-0.03,-0.19,0.06,.,0.136292091,.,0.136292091,.,.,.,.,.,.,.,.,.,.,.,.,.,.,.,.,.,1.8,1.4,1.6,100,100.3,100.15,1.9,1.5,1.71,46,45,0,1994,332,14.00,-1,2,.,2,.,.,.,.,.,.,.,.,1.14,0.15,1.29,.,21.6,.,.,.,.,.,.,.,.,.,.,.,.,21.6,.,.,.,.,.,.,24.4,21,26.6,0.16,0.28,0.12,0.05,.,0.159436031,.,0.159436031,.,.,.,.,.,.,.,.,.,.,.,.,.,.,.,.,.,1.8,1.8,1.8,100,100.7,100.35,1.9,1.9,1.91,218,45,0,1994,332,14.00,0,2,.,2,.,.,.,.,.,.,.,.,0.64,0.15,0.79,.,21.6,.,.,.,.,.,.,.,.,.,.,.,.,21.6,.,.,.,.,.,.,24.4,21.3,23.1,-0.11,-0.11,-0.59,0.12,.,0.159436031,.,0.159436031,.,.,.,.,.,.,.,.,.,.,.,.,.,.,.,.,.,1.8,1.8,1.8,100,100.7,100.35,1.9,1.9,1.92,37,35,1,1994,332,14.00,1,2,.,1,.,.,.,.,.,.,.,.,0.49,0.15,0.64,.,23.2,.,.,.,.,.,.,.,.,.,.,.,.,23.2,.,.,.,.,.,.,19.1,22.8,23.3,-0.1,-0.1,-0.5,0.1,.,0.13886364,.,0.13886364,.,.,.,.,.,.,.,.,.,.,.,.,.,.,.,.,.,1.8,1.8,1.8,100,100.7,100.35,1.9,1.9,1.92,104,25,1,1994,332,14.00,0,2,.,2,.,.,.,.,.,.,.,.,0.72,0.15,0.87,.,23.2,.,.,.,.,.,.,.,.,.,.,.,.,23.2,.,.,.,.,.,.,19.1,22.8,25.1,-0.02,-0.02,-0.1,0.05,.,0.13886364,.,0.13886364,.,.,.,.,.,.,.,.,.,.,.,.,.,.,.,.,.,1.8,1.8,1.8,100,100.7,100.35,1.9,1.9,1.92,390,35,1,1994,332,14.00,-1,2,.,3,.,.,.,.,.,.,.,.,0.84,0.15,0.99,.,23.2,.,.,.,.,.,.,.,.,.,.,.,.,23.2,.,.,.,.,.,.,19.1,22.6,25.8,0.05,0.1,0.06,0.05,.,0.13886364,.,0.13886364,.,.,.,.,.,.,.,.,.,.,.,.,.,.,.,.,.,1.8,1.8,1.8,100,100.7,100.35,1.9,1.9,1.92,691,45,0,1994,332,14.00,-1,2,.,3,.,.,.,.,.,.,.,.,0.64,0.15,0.79,.,23.2,.,.,.,.,.,.,.,.,.,.,.,.,23.2,.,.,.,.,.,.,19.1,22.8,24.5,-0.04,-0.04,-0.23,0.06,.,0.13886364,.,0.13886364,.,.,.,.,.,.,.,.,.,.,.,.,.,.,.,.,.,1.8,1.8,1.8,100,100.7,100.35,1.9,1.9,1.93,740,35,0,1994,332,14.00,0,2,.,2,.,.,.,.,.,.,.,.,0.75,0.15,0.9,.,20.6,.,.,.,.,.,.,.,.,.,.,.,.,20.6,.,.,.,.,.,.,37.5,20.5,23.1,-0.1,-0.1,-0.55,0.11,.,0.172293776,.,0.172293776,.,.,.,.,.,.,.,.,.,.,.,.,.,.,.,.,.,1.8,1.8,1.8,100,100.7,100.35,1.9,1.9,1.93,1749,45,1,1994,332,14.00,0,2,.,2,.,.,.,.,.,.,.,.,0.63,0.15,0.78,.,22.3,.,.,.,.,.,.,.,.,.,.,.,.,22.3,.,.,.,.,.,.,27.8,22,23.7,-0.08,-0.08,-0.41,0.09,.,0.15043561,.,0.15043561,.,.,.,.,.,.,.,.,.,.,.,.,.,.,.,.,.,1.8,1.8,1.8,100,100.7,100.35,1.9,1.9,1.92,773,55,0,1994,332,17.00,0,2,.,2,.,.,.,.,.,.,.,.,0.7,0.15,0.85,.,23.2,.,.,.,.,.,.,.,.,.,.,.,.,23.2,.,.,.,.,.,.,20.7,22.8,25,-0.02,-0.02,-0.12,0.05,.,0.13886364,.,0.13886364,.,.,.,.,.,.,.,.,.,.,.,.,.,.,.,.,.,1.8,6,3.9,100,83.2,91.6,1.9,6.1,43,565,45,0,1994,332,17.00,.,.,.,.,.,.,.,.,.,.,.,.,0.93,0.15,1.08,.,20.9,.,.,.,.,.,.,.,.,.,.,.,.,20.9,.,.,.,.,.,.,34.4,20.7,24.7,-0.03,-0.03,-0.22,0.06,.,0.168436452,.,0.168436452,.,.,.,.,.,.,.,.,.,.,.,.,.,.,.,.,.,1.8,6,3.9,100,83.2,91.6,1.9,6.1,43,1134,.,.,1994,332,17.00,2,1,.,2,.,.,.,.,.,.,.,.,1.11,0.15,1.26,.,22.7,.,.,.,.,.,.,.,.,.,.,.,.,22.7,.,.,.,.,.,.,29.2,22.1,27.3,0.32,0.52,0.33,0.07,.,0.145292512,.,0.145292512,.,.,.,.,.,.,.,.,.,.,.,.,.,.,.,.,.,1.8,6,3.9,100,83.2,91.6,1.9,6.1,43,1666,25,1,1994,332,17.00,0,2,.,2,.,.,.,.,.,.,.,.,0.97,0.15,1.12,.,22.3,.,.,.,.,.,.,.,.,.,.,.,.,22.3,.,.,.,.,.,.,34.7,22,26.2,0.12,0.22,0.13,0.05,.,0.15043561,.,0.15043561,.,.,.,.,.,.,.,.,.,.,.,.,.,.,.,.,.,1.8,6,3.9,100,83.2,91.6,1.9,6.1,42,105,25,1,1994,333,12.00,-1,2,.,3,.,.,.,.,.,.,.,.,0.47,0.15,0.62,.,23.2,.,.,.,.,.,.,.,.,.,.,.,.,23.2,.,.,.,.,.,.,15.6,22.8,23.1,-0.11,-0.11,-0.56,0.12,.,0.13886364,.,0.13886364,.,.,.,.,.,.,.,.,.,.,.,.,.,.,.,.,.,2.7,4.7,3.7,74.1,56.3,65.2,2.7,4.7,3.72,182,45,1,1994,333,12.00,-1,2,.,3,.,.,.,.,.,.,.,.,1.16,0.15,1.31,.,23.2,.,.,.,.,.,.,.,.,.,.,.,.,23.2,.,.,.,.,.,.,15.6,22.1,27.7,0.39,0.6,0.39,0.08,.,0.13886364,.,0.13886364,.,.,.,.,.,.,.,.,.,.,.,.,.,.,.,.,.,2.7,4.7,3.7,74.1,56.3,65.2,2.7,4.7,3.72,323,45,1,1994,333,12.00,-1,2,.,3,.,.,.,.,.,.,.,.,1.05,0.15,1.2,.,23.2,.,.,.,.,.,.,.,.,.,.,.,.,23.2,.,.,.,.,.,.,15.6,22.2,27,0.29,0.43,0.29,0.07,.,0.13886364,.,0.13886364,.,.,.,.,.,.,.,.,.,.,.,.,.,.,.,.,.,2.7,4.7,3.7,74.1,56.3,65.2,2.7,4.7,3.72,692,45,0,1994,333,12.00,-2,1,.,3,.,.,.,.,.,.,.,.,0.64,0.15,0.79,.,23.2,.,.,.,.,.,.,.,.,.,.,.,.,23.2,.,.,.,.,.,.,15.6,22.8,24.5,-0.04,-0.04,-0.25,0.06,.,0.13886364,.,0.13886364,.,.,.,.,.,.,.,.,.,.,.,.,.,.,.,.,.,2.7,4.7,3.7,74.1,56.3,65.2,2.7,4.7,3.72,774,55,0,1994,333,12.00,0,2,.,2,.,.,.,.,.,.,.,.,0.62,0.15,0.77,.,23.2,.,.,.,.,.,.,.,.,.,.,.,.,23.2,.,.,.,.,.,.,15.6,22.8,24.3,-0.05,-0.05,-0.28,0.07,.,0.13886364,.,0.13886364,.,.,.,.,.,.,.,.,.,.,.,.,.,.,.,.,.,2.7,4.7,3.7,74.1,56.3,65.2,2.7,4.7,3.73,45,35,0,1994,333,12.00,0,2,.,2,.,.,.,.,.,.,.,.,0.62,0.15,0.77,.,20.9,.,.,.,.,.,.,.,.,.,.,.,.,20.9,.,.,.,.,.,.,32.5,20.7,22.3,-0.14,-0.14,-0.75,0.17,.,0.168436452,.,0.168436452,.,.,.,.,.,.,.,.,.,.,.,.,.,.,.,.,.,2.7,4.7,3.7,74.1,56.3,65.2,2.7,4.7,3.73,566,45,0,1994,333,12.00,-1,2,.,3,.,.,.,.,.,.,.,.,1.27,0.15,1.42,.,20.6,.,.,.,.,.,.,.,.,.,.,.,.,20.6,.,.,.,.,.,.,35.9,20.3,26.8,0.18,0.36,0.14,0.05,.,0.172293776,.,0.172293776,.,.,.,.,.,.,.,.,.,.,.,.,.,.,.,.,.,2.7,4.7,3.7,74.1,56.3,65.2,2.7,4.7,3.73,741,35,0,1994,333,12.00,-1,2,.,2,.,.,.,.,.,.,.,.,1.11,0.15,1.26,.,20.6,.,.,.,.,.,.,.,.,.,.,.,.,20.6,.,.,.,.,.,.,35.9,20.4,25.7,0,0,-0.04,0.05,.,0.172293776,.,0.172293776,.,.,.,.,.,.,.,.,.,.,.,.,.,.,.,.,.,2.7,4.7,3.7,74.1,56.3,65.2,2.7,4.7,3.73,1135,.,.,1994,333,12.00,0,2,.,2,.,.,.,.,.,.,.,.,0.82,0.15,0.97,.,22.7,.,.,.,.,.,.,.,.,.,.,.,.,22.7,.,.,.,.,.,.,31.2,22.4,25.5,0,0,0,0.05,.,0.145292512,.,0.145292512,.,.,.,.,.,.,.,.,.,.,.,.,.,.,.,.,.,2.7,4.7,3.7,74.1,56.3,65.2,2.7,4.7,3.73,1180,45,1,1994,333,12.00,0,2,.,2,.,.,.,.,.,.,.,.,0.85,0.15,1,.,22.7,.,.,.,.,.,.,.,.,.,.,.,.,22.7,.,.,.,.,.,.,31.2,22.3,25.7,0.01,0.06,0.04,0.05,.,0.145292512,.,0.145292512,.,.,.,.,.,.,.,.,.,.,.,.,.,.,.,.,.,2.7,4.7,3.7,74.1,56.3,65.2,2.7,4.7,3.73,1492,45,1,1994,333,12.00,0,2,.,2,.,.,.,.,.,.,.,.,0.56,0.15,0.71,.,22.7,.,.,.,.,.,.,.,.,.,.,.,.,22.7,.,.,.,.,.,.,31.2,22.5,23.6,-0.08,-0.08,-0.42,0.09,.,0.145292512,.,0.145292512,.,.,.,.,.,.,.,.,.,.,.,.,.,.,.,.,.,2.7,4.7,3.7,74.1,56.3,65.2,2.7,4.7,3.73,1803,25,1,1994,333,12.00,-1,2,.,3,.,.,.,.,.,.,.,.,0.65,0.15,0.8,.,23.4,.,.,.,.,.,.,.,.,.,.,.,.,23.4,.,.,.,.,.,.,26.9,23.1,24.9,-0.02,-0.02,-0.11,0.05,.,0.136292091,.,0.136292091,.,.,.,.,.,.,.,.,.,.,.,.,.,.,.,.,.,2.7,4.7,3.7,74.1,56.3,65.2,2.7,4.7,3.73,2003,25,1,1994,333,12.00,1,2,.,2,.,.,.,.,.,.,.,.,0.62,0.15,0.77,.,22.7,.,.,.,.,.,.,.,.,.,.,.,.,22.7,.,.,.,.,.,.,33.5,22.5,24.1,-0.06,-0.06,-0.29,0.07,.,0.145292512,.,0.145292512,.,.,.,.,.,.,.,.,.,.,.,.,.,.,.,.,.,2.7,4.7,3.7,74.1,56.3,65.2,2.7,4.7,3.71,47,45,0,1994,333,13.00,-1,2,.,2,.,.,.,.,.,.,.,.,1.06,0.15,1.21,.,21.6,.,.,.,.,.,.,.,.,.,.,.,.,21.6,.,.,.,.,.,.,19.8,21,26,0.05,0.11,0.01,0.05,.,0.159436031,.,0.159436031,.,.,.,.,.,.,.,.,.,.,.,.,.,.,.,.,.,2.7,3.3,3,74.1,72.2,73.15,2.7,3.3,31,290,45,1,1994,333,13.00,-1,2,.,2,.,.,.,.,.,.,.,.,0.97,0.15,1.12,.,21.6,.,.,.,.,.,.,.,.,.,.,.,.,21.6,.,.,.,.,.,.,19.8,21.1,25.4,-0.01,-0.01,-0.1,0.05,.,0.159436031,.,0.159436031,.,.,.,.,.,.,.,.,.,.,.,.,.,.,.,.,.,2.7,3.3,3,74.1,72.2,73.15,2.7,3.3,32,517,45,1,1994,333,13.00,0,2,.,2,.,.,.,.,.,.,.,.,0.41,0.15,0.56,.,23.2,.,.,.,.,.,.,.,.,.,.,.,.,23.2,.,.,.,.,.,.,17,22.8,22.7,-0.13,-0.13,-0.69,0.15,.,0.13886364,.,0.13886364,.,.,.,.,.,.,.,.,.,.,.,.,.,.,.,.,.,2.7,3.3,3,74.1,72.2,73.15,2.7,3.3,34,43,35,1,1994,333,13.00,-1,2,.,3,.,.,.,.,.,.,.,.,0.67,0.15,0.82,.,23,.,.,.,.,.,.,.,.,.,.,.,.,23,.,.,.,.,.,.,18.3,22.6,24.5,-0.04,-0.04,-0.23,0.06,.,0.141435189,.,0.141435189,.,.,.,.,.,.,.,.,.,.,.,.,.,.,.,.,.,2.7,3.3,3,74.1,72.2,73.15,2.7,3.3,33,1750,45,1,1994,333,14.00,0,2,.,2,.,.,.,.,.,.,.,.,0.63,0.15,0.78,.,22.3,.,.,.,.,.,.,.,.,.,.,.,.,22.3,.,.,.,.,.,.,32.5,22.1,23.7,-0.07,-0.07,-0.38,0.08,.,0.15043561,.,0.15043561,.,.,.,.,.,.,.,.,.,.,.,.,.,.,.,.,.,2.7,2.7,2.7,74.1,74.1,74.1,2.7,2.7,2.73,2004,25,1,1994,333,18.00,0,2,.,2,.,.,.,.,.,.,.,.,0.61,0.15,0.76,.,22.7,.,.,.,.,.,.,.,.,.,.,.,.,22.7,.,.,.,.,.,.,35.1,22.5,24,-0.06,-0.06,-0.31,0.07,.,0.145292512,.,0.145292512,.,.,.,.,.,.,.,.,.,.,.,.,.,.,.,.,.,2.7,2.7,2.7,74.1,77.5,75.8,2.7,2.8,2.752,458,55,1,1994,333,19.00,-1,2,.,3,.,.,.,.,.,.,.,.,0.63,0.15,0.78,.,23.2,.,.,.,.,.,.,.,.,.,.,.,.,23.2,.,.,.,.,.,.,17,22.8,24.4,-0.05,-0.05,-0.26,0.06,.,0.13886364,.,0.13886364,.,.,.,.,.,.,.,.,.,.,.,.,.,.,.,.,.,2.7,2.2,2.45,74.1,80.7,77.4,2.7,2.3,2.51,291,45,1,1994,334,10.00,-1,2,.,2,.,.,.,.,.,.,.,.,0.57,0.15,0.72,.,21.6,.,.,.,.,.,.,.,.,.,.,.,.,21.6,.,.,.,.,.,.,18.8,21.2,22.4,-0.14,-0.14,-0.76,0.17,.,0.159436031,.,0.159436031,.,.,.,.,.,.,.,.,.,.,.,.,.,.,.,.,.,-0.3,-2.3,-1.3,76.1,87.1,81.6,-0.3,-2.3,-1.31,416,45,0,1994,334,10.00,0,2,.,2,.,.,.,.,.,.,.,.,0.66,0.15,0.81,.,21.6,.,.,.,.,.,.,.,.,.,.,.,.,21.6,.,.,.,.,.,.,18.8,21.3,23.2,-0.1,-0.1,-0.58,0.12,.,0.159436031,.,0.159436031,.,.,.,.,.,.,.,.,.,.,.,.,.,.,.,.,.,-0.3,-2.3,-1.3,76.1,87.1,81.6,-0.3,-2.3,-1.31,490,45,0,1994,334,10.00,-1,2,.,3,.,.,.,.,.,.,.,.,0.72,0.15,0.87,.,21.6,.,.,.,.,.,.,.,.,.,.,.,.,21.6,.,.,.,.,.,.,18.8,21.3,23.6,-0.08,-0.08,-0.48,0.1,.,0.159436031,.,0.159436031,.,.,.,.,.,.,.,.,.,.,.,.,.,.,.,.,.,-0.3,-2.3,-1.3,76.1,87.1,81.6,-0.3,-2.3,-1.32,39,35,1,1994,334,10.00,-1,2,.,2,.,.,.,.,.,.,.,.,0.62,0.15,0.77,.,23.2,.,.,.,.,.,.,.,.,.,.,.,.,23.2,.,.,.,.,.,.,13.7,22.8,24.3,-0.05,-0.05,-0.29,0.07,.,0.13886364,.,0.13886364,.,.,.,.,.,.,.,.,.,.,.,.,.,.,.,.,.,-0.3,-2.3,-1.3,76.1,87.1,81.6,-0.3,-2.3,-1.32,106,25,1,1994,334,10.00,0,2,.,2,.,.,.,.,.,.,.,.,0.46,0.15,0.61,.,23.2,.,.,.,.,.,.,.,.,.,.,.,.,23.2,.,.,.,.,.,.,13.7,22.8,23,-0.11,-0.11,-0.6,0.12,.,0.13886364,.,0.13886364,.,.,.,.,.,.,.,.,.,.,.,.,.,.,.,.,.,-0.3,-2.3,-1.3,76.1,87.1,81.6,-0.3,-2.3,-1.32,693,45,0,1994,334,10.00,-1,2,.,3,.,.,.,.,.,.,.,.,0.64,0.15,0.79,.,23.2,.,.,.,.,.,.,.,.,.,.,.,.,23.2,.,.,.,.,.,.,13.7,22.8,24.4,-0.05,-0.05,-0.26,0.06,.,0.13886364,.,0.13886364,.,.,.,.,.,.,.,.,.,.,.,.,.,.,.,.,.,-0.3,-2.3,-1.3,76.1,87.1,81.6,-0.3,-2.3,-1.33,346,35,0,1994,334,10.00,0,2,.,2,.,.,.,.,.,.,.,.,0.62,0.15,0.77,.,22.3,.,.,.,.,.,.,.,.,.,.,.,.,22.3,.,.,.,.,.,.,35,22.1,23.7,-0.07,-0.07,-0.39,0.08,.,0.15043561,.,0.15043561,.,.,.,.,.,.,.,.,.,.,.,.,.,.,.,.,.,-0.3,-2.3,-1.3,76.1,87.1,81.6,-0.3,-2.3,-1.33,473,35,0,1994,334,10.00,1,2,.,2,.,.,.,.,.,.,.,.,0.64,0.15,0.79,.,22.7,.,.,.,.,.,.,.,.,.,.,.,.,22.7,.,.,.,.,.,.,32.7,22.5,24.2,-0.05,-0.05,-0.26,0.06,.,0.145292512,.,0.145292512,.,.,.,.,.,.,.,.,.,.,.,.,.,.,.,.,.,-0.3,-2.3,-1.3,76.1,87.1,81.6,-0.3,-2.3,-1.33,614,55,0,1994,334,10.00,-1,2,.,2,.,.,.,.,.,.,.,.,0.93,0.15,1.08,.,21.3,.,.,.,.,.,.,.,.,.,.,.,.,21.3,.,.,.,.,.,.,35,21.1,25,-0.02,-0.02,-0.13,0.05,.,0.163293354,.,0.163293354,.,.,.,.,.,.,.,.,.,.,.,.,.,.,.,.,.,-0.3,-2.3,-1.3,76.1,87.1,81.6,-0.3,-2.3,-1.33,678,35,0,1994,334,10.00,0,2,.,2,.,.,.,.,.,.,.,.,0.72,0.15,0.87,.,21.3,.,.,.,.,.,.,.,.,.,.,.,.,21.3,.,.,.,.,.,.,35,21.1,23.5,-0.08,-0.08,-0.46,0.09,.,0.163293354,.,0.163293354,.,.,.,.,.,.,.,.,.,.,.,.,.,.,.,.,.,-0.3,-2.3,-1.3,76.1,87.1,81.6,-0.3,-2.3,-1.33,1136,.,.,1994,334,10.00,0,2,.,2,.,.,.,.,.,.,.,.,0.64,0.15,0.79,.,22.3,.,.,.,.,.,.,.,.,.,.,.,.,22.3,.,.,.,.,.,.,33.8,22.1,23.8,-0.07,-0.07,-0.36,0.08,.,0.15043561,.,0.15043561,.,.,.,.,.,.,.,.,.,.,.,.,.,.,.,.,.,-0.3,-2.3,-1.3,76.1,87.1,81.6,-0.3,-2.3,-1.33,1229,35,0,1994,334,10.00,0,2,.,2,.,.,.,.,.,.,.,.,0.64,0.15,0.79,.,22.3,.,.,.,.,.,.,.,.,.,.,.,.,22.3,.,.,.,.,.,.,33.8,22.1,23.8,-0.07,-0.07,-0.36,0.08,.,0.15043561,.,0.15043561,.,.,.,.,.,.,.,.,.,.,.,.,.,.,.,.,.,-0.3,-2.3,-1.3,76.1,87.1,81.6,-0.3,-2.3,-1.33,1493,45,1,1994,334,10.00,0,2,.,2,.,.,.,.,.,.,.,.,1,0.15,1.15,.,22.3,.,.,.,.,.,.,.,.,.,.,.,.,22.3,.,.,.,.,.,.,33.8,21.9,26.4,0.15,0.27,0.16,0.06,.,0.15043561,.,0.15043561,.,.,.,.,.,.,.,.,.,.,.,.,.,.,.,.,.,-0.3,-2.3,-1.3,76.1,87.1,81.6,-0.3,-2.3,-1.33,1804,25,1,1994,334,10.00,0,2,.,2,.,.,.,.,.,.,.,.,1.11,0.15,1.26,.,23.4,.,.,.,.,.,.,.,.,.,.,.,.,23.4,.,.,.,.,.,.,29.4,22.7,27.9,0.42,0.67,0.47,0.1,.,0.136292091,.,0.136292091,.,.,.,.,.,.,.,.,.,.,.,.,.,.,.,.,.,-0.3,-2.3,-1.3,76.1,87.1,81.6,-0.3,-2.3,-1.33,1851,65,0,1994,334,10.00,0,2,.,2,.,.,.,.,.,.,.,.,0.62,0.15,0.77,.,22.3,.,.,.,.,.,.,.,.,.,.,.,.,22.3,.,.,.,.,.,.,33.8,22.1,23.7,-0.07,-0.07,-0.4,0.08,.,0.15043561,.,0.15043561,.,.,.,.,.,.,.,.,.,.,.,.,.,.,.,.,.,-0.3,-2.3,-1.3,76.1,87.1,81.6,-0.3,-2.3,-1.34,44,35,1,1994,334,10.00,0,2,.,2,.,.,.,.,.,.,.,.,0.73,0.15,0.88,.,23,.,.,.,.,.,.,.,.,.,.,.,.,23,.,.,.,.,.,.,15.5,22.6,24.9,-0.02,-0.02,-0.15,0.05,.,0.141435189,.,0.141435189,.,.,.,.,.,.,.,.,.,.,.,.,.,.,.,.,.,-0.3,-2.3,-1.3,76.1,87.1,81.6,-0.3,-2.3,-1.31,48,45,0,1994,334,11.00,-1,2,.,2,.,.,.,.,.,.,.,.,1.04,0.15,1.19,.,22,.,.,.,.,.,.,.,.,.,.,.,.,22,.,.,.,.,.,.,19.3,21.3,26.1,0.09,0.17,0.06,0.05,.,0.154292933,.,0.154292933,.,.,.,.,.,.,.,.,.,.,.,.,.,.,.,.,.,-0.3,-2.1,-1.2,76.1,88.4,82.25,-0.3,-2.1,-1.21,155,35,0,1994,334,11.00,0,2,.,2,.,.,.,.,.,.,.,.,0.78,0.15,0.93,.,22,.,.,.,.,.,.,.,.,.,.,.,.,22,.,.,.,.,.,.,19.3,21.6,24.4,-0.05,-0.05,-0.29,0.07,.,0.154292933,.,0.154292933,.,.,.,.,.,.,.,.,.,.,.,.,.,.,.,.,.,-0.3,-2.1,-1.2,76.1,88.4,82.25,-0.3,-2.1,-1.22,392,35,1,1994,334,11.00,0,2,.,2,.,.,.,.,.,.,.,.,0.78,0.15,0.93,.,23.2,.,.,.,.,.,.,.,.,.,.,.,.,23.2,.,.,.,.,.,.,13.7,22.6,25.4,-0.01,-0.01,-0.05,0.05,.,0.13886364,.,0.13886364,.,.,.,.,.,.,.,.,.,.,.,.,.,.,.,.,.,-0.3,-2.1,-1.2,76.1,88.4,82.25,-0.3,-2.1,-1.22,518,45,1,1994,334,11.00,-1,2,.,3,.,.,.,.,.,.,.,.,0.62,0.15,0.77,.,23.2,.,.,.,.,.,.,.,.,.,.,.,.,23.2,.,.,.,.,.,.,13.7,22.8,24.3,-0.05,-0.05,-0.29,0.07,.,0.13886364,.,0.13886364,.,.,.,.,.,.,.,.,.,.,.,.,.,.,.,.,.,-0.3,-2.1,-1.2,76.1,88.4,82.25,-0.3,-2.1,-1.23,1291,25,1,1994,334,11.00,-1,2,.,3,.,.,.,.,.,.,.,.,0.75,0.15,0.9,.,22.3,.,.,.,.,.,.,.,.,.,.,.,.,22.3,.,.,.,.,.,.,32.2,22.1,24.6,-0.03,-0.03,-0.19,0.06,.,0.15043561,.,0.15043561,.,.,.,.,.,.,.,.,.,.,.,.,.,.,.,.,.,-0.3,-2.1,-1.2,76.1,88.4,82.25,-0.3,-2.1,-1.23,1751,45,1,1994,334,11.00,0,2,.,2,.,.,.,.,.,.,.,.,0.63,0.15,0.78,.,22.3,.,.,.,.,.,.,.,.,.,.,.,.,22.3,.,.,.,.,.,.,30.4,22.1,23.7,-0.07,-0.07,-0.4,0.08,.,0.15043561,.,0.15043561,.,.,.,.,.,.,.,.,.,.,.,.,.,.,.,.,.,-0.3,-2.1,-1.2,76.1,88.4,82.25,-0.3,-2.1,-1.21,365,35,0,1994,334,15.00,0,2,.,2,.,.,.,.,.,.,.,.,1.04,0.15,1.19,.,22.3,.,.,.,.,.,.,.,.,.,.,.,.,22.3,.,.,.,.,.,.,18.9,21.6,26.4,0.14,0.24,0.12,0.05,.,0.15043561,.,0.15043561,.,.,.,.,.,.,.,.,.,.,.,.,.,.,.,.,.,-0.3,-0.3,-0.3,76.1,76.1,76.1,-0.3,-0.3,-0.32,107,25,1,1994,334,15.00,0,2,.,2,.,.,.,.,.,.,.,.,0.45,0.15,0.6,.,23.2,.,.,.,.,.,.,.,.,.,.,.,.,23.2,.,.,.,.,.,.,13.7,22.8,22.9,-0.12,-0.12,-0.62,0.13,.,0.13886364,.,0.13886364,.,.,.,.,.,.,.,.,.,.,.,.,.,.,.,.,.,-0.3,-0.3,-0.3,76.1,76.1,76.1,-0.3,-0.3,-0.32,460,55,1,1994,334,15.00,1,2,.,2,.,.,.,.,.,.,.,.,1.08,0.15,1.23,.,23.2,.,.,.,.,.,.,.,.,.,.,.,.,23.2,.,.,.,.,.,.,13.7,22.1,27.2,0.31,0.46,0.3,0.07,.,0.13886364,.,0.13886364,.,.,.,.,.,.,.,.,.,.,.,.,.,.,.,.,.,-0.3,-0.3,-0.3,76.1,76.1,76.1,-0.3,-0.3,-0.32,564,35,0,1994,334,15.00,0,2,.,2,.,.,.,.,.,.,.,.,0.96,0.15,1.11,.,23.2,.,.,.,.,.,.,.,.,.,.,.,.,23.2,.,.,.,.,.,.,13.7,22.3,26.5,0.18,0.27,0.18,0.06,.,0.13886364,.,0.13886364,.,.,.,.,.,.,.,.,.,.,.,.,.,.,.,.,.,-0.3,-0.3,-0.3,76.1,76.1,76.1,-0.3,-0.3,-0.33,185,.,.,1994,334,15.00,1,2,.,3,.,.,.,.,.,.,.,.,0.67,0.15,0.82,.,22.3,.,.,.,.,.,.,.,.,.,.,.,.,22.3,.,.,.,.,.,.,27.8,22,24,-0.06,-0.06,-0.34,0.07,.,0.15043561,.,0.15043561,.,.,.,.,.,.,.,.,.,.,.,.,.,.,.,.,.,-0.3,-0.3,-0.3,76.1,76.1,76.1,-0.3,-0.3,-0.33,615,55,0,1994,334,15.00,-1,2,.,2,.,.,.,.,.,.,.,.,0.93,0.15,1.08,.,22,.,.,.,.,.,.,.,.,.,.,.,.,22,.,.,.,.,.,.,37.7,21.8,25.7,0.02,0.07,0.04,0.05,.,0.154292933,.,0.154292933,.,.,.,.,.,.,.,.,.,.,.,.,.,.,.,.,.,-0.3,-0.3,-0.3,76.1,76.1,76.1,-0.3,-0.3,-0.33,679,35,0,1994,334,15.00,-1,2,.,2,.,.,.,.,.,.,.,.,0.72,0.15,0.87,.,22,.,.,.,.,.,.,.,.,.,.,.,.,22,.,.,.,.,.,.,37.7,21.9,24.2,-0.05,-0.05,-0.27,0.07,.,0.154292933,.,0.154292933,.,.,.,.,.,.,.,.,.,.,.,.,.,.,.,.,.,-0.3,-0.3,-0.3,76.1,76.1,76.1,-0.3,-0.3,-0.33,1181,45,1,1994,334,15.00,0,2,.,2,.,.,.,.,.,.,.,.,0.59,0.15,0.74,.,23,.,.,.,.,.,.,.,.,.,.,.,.,23,.,.,.,.,.,.,30.2,22.8,24.1,-0.06,-0.06,-0.3,0.07,.,0.141435189,.,0.141435189,.,.,.,.,.,.,.,.,.,.,.,.,.,.,.,.,.,-0.3,-0.3,-0.3,76.1,76.1,76.1,-0.3,-0.3,-0.33,1494,45,1,1994,334,15.00,2,1,.,1,.,.,.,.,.,.,.,.,0.66,0.15,0.81,.,23,.,.,.,.,.,.,.,.,.,.,.,.,23,.,.,.,.,.,.,30.2,22.8,24.6,-0.03,-0.03,-0.18,0.06,.,0.141435189,.,0.141435189,.,.,.,.,.,.,.,.,.,.,.,.,.,.,.,.,.,-0.3,-0.3,-0.3,76.1,76.1,76.1,-0.3,-0.3,-0.33,1668,25,1,1994,334,15.00,0,2,.,2,.,.,.,.,.,.,.,.,0.62,0.15,0.77,.,22.3,.,.,.,.,.,.,.,.,.,.,.,.,22.3,.,.,.,.,.,.,27.8,22,23.6,-0.08,-0.08,-0.43,0.09,.,0.15043561,.,0.15043561,.,.,.,.,.,.,.,.,.,.,.,.,.,.,.,.,.,-0.3,-0.3,-0.3,76.1,76.1,76.1,-0.3,-0.3,-0.33,1752,45,1,1994,334,15.00,0,2,.,2,.,.,.,.,.,.,.,.,0.63,0.15,0.78,.,22.3,.,.,.,.,.,.,.,.,.,.,.,.,22.3,.,.,.,.,.,.,27.8,22,23.7,-0.08,-0.08,-0.41,0.09,.,0.15043561,.,0.15043561,.,.,.,.,.,.,.,.,.,.,.,.,.,.,.,.,.,-0.3,-0.3,-0.3,76.1,76.1,76.1,-0.3,-0.3,-0.33,1805,25,1,1994,334,15.00,0,2,.,2,.,.,.,.,.,.,.,.,1.11,0.15,1.26,.,23.8,.,.,.,.,.,.,.,.,.,.,.,.,23.8,.,.,.,.,.,.,24.9,22.9,28.1,0.46,0.72,0.52,0.11,.,0.131148993,.,0.131148993,.,.,.,.,.,.,.,.,.,.,.,.,.,.,.,.,.,-0.3,-0.3,-0.3,76.1,76.1,76.1,-0.3,-0.3,-0.33,1852,65,0,1994,334,15.00,0,2,.,2,.,.,.,.,.,.,.,.,0.64,0.15,0.79,.,23,.,.,.,.,.,.,.,.,.,.,.,.,23,.,.,.,.,.,.,30.2,22.8,24.4,-0.04,-0.04,-0.21,0.06,.,0.141435189,.,0.141435189,.,.,.,.,.,.,.,.,.,.,.,.,.,.,.,.,.,-0.3,-0.3,-0.3,76.1,76.1,76.1,-0.3,-0.3,-0.31,49,45,0,1994,334,16.00,-1,2,.,2,.,.,.,.,.,.,.,.,1.04,0.15,1.19,.,22,.,.,.,.,.,.,.,.,.,.,.,.,22,.,.,.,.,.,.,18.4,21.3,26.1,0.09,0.16,0.05,0.05,.,0.154292933,.,0.154292933,.,.,.,.,.,.,.,.,.,.,.,.,.,.,.,.,.,-0.3,-0.7,-0.5,76.1,75.1,75.6,-0.3,-0.7,-0.51,624,35,0,1994,334,16.00,0,2,.,2,.,.,.,.,.,.,.,.,0.49,0.15,0.64,.,22,.,.,.,.,.,.,.,.,.,.,.,.,22,.,.,.,.,.,.,18.4,21.6,22.2,-0.16,-0.16,-0.83,0.2,.,0.154292933,.,0.154292933,.,.,.,.,.,.,.,.,.,.,.,.,.,.,.,.,.,-0.3,-0.7,-0.5,76.1,75.1,75.6,-0.3,-0.7,-0.52,253,35,1,1994,334,16.00,3,1,.,1,.,.,.,.,.,.,.,.,1.06,0.15,1.21,.,23.2,.,.,.,.,.,.,.,.,.,.,.,.,23.2,.,.,.,.,.,.,13.7,22.2,27.1,0.29,0.43,0.28,0.07,.,0.13886364,.,0.13886364,.,.,.,.,.,.,.,.,.,.,.,.,.,.,.,.,.,-0.3,-0.7,-0.5,76.1,75.1,75.6,-0.3,-0.7,-0.52,325,45,1,1994,334,16.00,-1,2,.,2,.,.,.,.,.,.,.,.,1.01,0.15,1.16,.,23.2,.,.,.,.,.,.,.,.,.,.,.,.,23.2,.,.,.,.,.,.,13.7,22.2,26.8,0.24,0.35,0.23,0.06,.,0.13886364,.,0.13886364,.,.,.,.,.,.,.,.,.,.,.,.,.,.,.,.,.,-0.3,-0.7,-0.5,76.1,75.1,75.6,-0.3,-0.7,-0.52,618,45,0,1994,334,16.00,0,2,.,2,.,.,.,.,.,.,.,.,0.8,0.15,0.95,.,23.2,.,.,.,.,.,.,.,.,.,.,.,.,23.2,.,.,.,.,.,.,13.7,22.5,25.5,0,0,-0.02,0.05,.,0.13886364,.,0.13886364,.,.,.,.,.,.,.,.,.,.,.,.,.,.,.,.,.,-0.3,-0.7,-0.5,76.1,75.1,75.6,-0.3,-0.7,-0.52,776,55,0,1994,334,16.00,0,2,.,2,.,.,.,.,.,.,.,.,0.62,0.15,0.77,.,23.2,.,.,.,.,.,.,.,.,.,.,.,.,23.2,.,.,.,.,.,.,13.7,22.8,24.3,-0.05,-0.05,-0.29,0.07,.,0.13886364,.,0.13886364,.,.,.,.,.,.,.,.,.,.,.,.,.,.,.,.,.,-0.3,-0.7,-0.5,76.1,75.1,75.6,-0.3,-0.7,-0.53,347,35,0,1994,334,16.00,0,2,.,2,.,.,.,.,.,.,.,.,0.62,0.15,0.77,.,22.3,.,.,.,.,.,.,.,.,.,.,.,.,22.3,.,.,.,.,.,.,34,22.1,23.7,-0.07,-0.07,-0.4,0.08,.,0.15043561,.,0.15043561,.,.,.,.,.,.,.,.,.,.,.,.,.,.,.,.,.,-0.3,-0.7,-0.5,76.1,75.1,75.6,-0.3,-0.7,-0.53,567,45,0,1994,334,16.00,-1,2,.,3,.,.,.,.,.,.,.,.,0.93,0.15,1.08,.,22,.,.,.,.,.,.,.,.,.,.,.,.,22,.,.,.,.,.,.,38.2,21.8,25.7,0.02,0.07,0.04,0.05,.,0.154292933,.,0.154292933,.,.,.,.,.,.,.,.,.,.,.,.,.,.,.,.,.,-0.3,-0.7,-0.5,76.1,75.1,75.6,-0.3,-0.7,-0.53,1230,35,0,1994,334,16.00,0,2,.,2,.,.,.,.,.,.,.,.,0.98,0.15,1.13,.,23,.,.,.,.,.,.,.,.,.,.,.,.,23,.,.,.,.,.,.,29.7,22.5,26.8,0.23,0.37,0.26,0.06,.,0.141435189,.,0.141435189,.,.,.,.,.,.,.,.,.,.,.,.,.,.,.,.,.,-0.3,-0.7,-0.5,76.1,75.1,75.6,-0.3,-0.7,-0.53,1292,25,1,1994,334,16.00,0,2,.,3,.,.,.,.,.,.,.,.,0.75,0.15,0.9,.,23,.,.,.,.,.,.,.,.,.,.,.,.,23,.,.,.,.,.,.,29.7,22.7,25.2,-0.01,-0.01,-0.04,0.05,.,0.141435189,.,0.141435189,.,.,.,.,.,.,.,.,.,.,.,.,.,.,.,.,.,-0.3,-0.7,-0.5,76.1,75.1,75.6,-0.3,-0.7,-0.51,50,45,0,1994,335,11.00,-1,2,.,2,.,.,.,.,.,.,.,.,0.96,0.15,1.11,.,22,.,.,.,.,.,.,.,.,.,.,.,.,22,.,.,.,.,.,.,16.9,21.4,25.6,0,0,-0.05,0.05,.,0.154292933,.,0.154292933,.,.,.,.,.,.,.,.,.,.,.,.,.,.,.,.,.,1.8,-1.6,0.1,77.4,82.4,79.9,1.8,-1.6,0.11,104,45,0,1994,335,11.00,0,2,.,2,.,.,.,.,.,.,.,.,1.04,0.15,1.19,.,22,.,.,.,.,.,.,.,.,.,.,.,.,22,.,.,.,.,.,.,16.9,21.3,26.1,0.08,0.16,0.05,0.05,.,0.154292933,.,0.154292933,.,.,.,.,.,.,.,.,.,.,.,.,.,.,.,.,.,1.8,-1.6,0.1,77.4,82.4,79.9,1.8,-1.6,0.11,293,45,1,1994,335,11.00,0,2,.,2,.,.,.,.,.,.,.,.,0.74,0.15,0.89,.,22,.,.,.,.,.,.,.,.,.,.,.,.,22,.,.,.,.,.,.,16.9,21.6,24.1,-0.06,-0.06,-0.36,0.08,.,0.154292933,.,0.154292933,.,.,.,.,.,.,.,.,.,.,.,.,.,.,.,.,.,1.8,-1.6,0.1,77.4,82.4,79.9,1.8,-1.6,0.11,366,35,0,1994,335,11.00,-1,2,.,3,.,.,.,.,.,.,.,.,1.04,0.15,1.19,.,22,.,.,.,.,.,.,.,.,.,.,.,.,22,.,.,.,.,.,.,16.9,21.3,26.1,0.08,0.16,0.05,0.05,.,0.154292933,.,0.154292933,.,.,.,.,.,.,.,.,.,.,.,.,.,.,.,.,.,1.8,-1.6,0.1,77.4,82.4,79.9,1.8,-1.6,0.12,108,25,1,1994,335,11.00,0,2,.,2,.,.,.,.,.,.,.,.,0.46,0.15,0.61,.,23.2,.,.,.,.,.,.,.,.,.,.,.,.,23.2,.,.,.,.,.,.,13.7,22.8,23,-0.11,-0.11,-0.6,0.12,.,0.13886364,.,0.13886364,.,.,.,.,.,.,.,.,.,.,.,.,.,.,.,.,.,1.8,-1.6,0.1,77.4,82.4,79.9,1.8,-1.6,0.13,186,.,.,1994,335,11.00,2,1,.,2,.,.,.,.,.,.,.,.,0.63,0.15,0.78,.,22.3,.,.,.,.,.,.,.,.,.,.,.,.,22.3,.,.,.,.,.,.,27.8,22,23.7,-0.08,-0.08,-0.41,0.09,.,0.15043561,.,0.15043561,.,.,.,.,.,.,.,.,.,.,.,.,.,.,.,.,.,1.8,-1.6,0.1,77.4,82.4,79.9,1.8,-1.6,0.13,244,35,0,1994,335,11.00,-1,2,.,3,.,.,.,.,.,.,.,.,0.51,0.15,0.66,.,22.7,.,.,.,.,.,.,.,.,.,.,.,.,22.7,.,.,.,.,.,.,35.1,22.5,23.2,-0.1,-0.1,-0.5,0.1,.,0.145292512,.,0.145292512,.,.,.,.,.,.,.,.,.,.,.,.,.,.,.,.,.,1.8,-1.6,0.1,77.4,82.4,79.9,1.8,-1.6,0.13,348,35,0,1994,335,11.00,0,2,.,2,.,.,.,.,.,.,.,.,0.62,0.15,0.77,.,22.7,.,.,.,.,.,.,.,.,.,.,.,.,22.7,.,.,.,.,.,.,35.1,22.5,24.1,-0.05,-0.05,-0.29,0.07,.,0.145292512,.,0.145292512,.,.,.,.,.,.,.,.,.,.,.,.,.,.,.,.,.,1.8,-1.6,0.1,77.4,82.4,79.9,1.8,-1.6,0.13,680,35,0,1994,335,11.00,-2,1,.,3,.,.,.,.,.,.,.,.,0.64,0.15,0.79,.,21.6,.,.,.,.,.,.,.,.,.,.,.,.,21.6,.,.,.,.,.,.,41.9,21.5,23.3,-0.09,-0.09,-0.49,0.1,.,0.159436031,.,0.159436031,.,.,.,.,.,.,.,.,.,.,.,.,.,.,.,.,.,1.8,-1.6,0.1,77.4,82.4,79.9,1.8,-1.6,0.13,1231,35,0,1994,335,11.00,0,2,.,2,.,.,.,.,.,.,.,.,1.32,0.15,1.47,.,22.7,.,.,.,.,.,.,.,.,.,.,.,.,22.7,.,.,.,.,.,.,29.7,21.9,28.6,0.5,0.88,0.53,0.11,.,0.145292512,.,0.145292512,.,.,.,.,.,.,.,.,.,.,.,.,.,.,.,.,.,1.8,-1.6,0.1,77.4,82.4,79.9,1.9,-1.6,0.153,1293,25,1,1994,335,11.00,1,2,.,3,.,.,.,.,.,.,.,.,1.43,0.15,1.58,.,22.7,.,.,.,.,.,.,.,.,.,.,.,.,22.7,.,.,.,.,.,.,29.7,21.9,29.3,0.59,1.07,0.62,0.13,.,0.145292512,.,0.145292512,.,.,.,.,.,.,.,.,.,.,.,.,.,.,.,.,.,1.8,-1.6,0.1,77.4,82.4,79.9,1.9,-1.6,0.153,1362,25,1,1994,335,11.00,1,2,.,1,.,.,.,.,.,.,.,.,1.02,0.15,1.17,.,22.7,.,.,.,.,.,.,.,.,.,.,.,.,22.7,.,.,.,.,.,.,29.7,22.2,26.8,0.23,0.37,0.24,0.06,.,0.145292512,.,0.145292512,.,.,.,.,.,.,.,.,.,.,.,.,.,.,.,.,.,1.8,-1.6,0.1,77.4,82.4,79.9,1.8,-1.6,0.13,1568,.,.,1994,335,11.00,0,2,.,2,.,.,.,.,.,.,.,.,1.06,0.15,1.21,.,23.8,.,.,.,.,.,.,.,.,.,.,.,.,23.8,.,.,.,.,.,.,24.4,22.9,27.7,0.41,0.63,0.47,0.1,.,0.131148993,.,0.131148993,.,.,.,.,.,.,.,.,.,.,.,.,.,.,.,.,.,1.8,-1.6,0.1,77.4,82.4,79.9,1.8,-1.6,0.13,1753,45,1,1994,335,11.00,0,2,.,2,.,.,.,.,.,.,.,.,0.63,0.15,0.78,.,22.3,.,.,.,.,.,.,.,.,.,.,.,.,22.3,.,.,.,.,.,.,27.8,22,23.7,-0.08,-0.08,-0.41,0.09,.,0.15043561,.,0.15043561,.,.,.,.,.,.,.,.,.,.,.,.,.,.,.,.,.,1.8,-1.6,0.1,77.4,82.4,79.9,1.8,-1.6,0.13,1806,25,1,1994,335,11.00,-1,2,.,3,.,.,.,.,.,.,.,.,0.62,0.15,0.77,.,23.8,.,.,.,.,.,.,.,.,.,.,.,.,23.8,.,.,.,.,.,.,24.4,23.4,25,-0.02,-0.02,-0.08,0.05,.,0.131148993,.,0.131148993,.,.,.,.,.,.,.,.,.,.,.,.,.,.,.,.,.,1.8,-1.6,0.1,77.4,82.4,79.9,1.8,-1.6,0.14,45,35,1,1994,335,11.00,0,2,.,2,.,.,.,.,.,.,.,.,0.67,0.15,0.82,.,23,.,.,.,.,.,.,.,.,.,.,.,.,23,.,.,.,.,.,.,15.1,22.6,24.5,-0.04,-0.04,-0.25,0.06,.,0.141435189,.,0.141435189,.,.,.,.,.,.,.,.,.,.,.,.,.,.,.,.,.,1.8,-1.6,0.1,77.4,82.4,79.9,1.8,-1.6,0.11,418,45,0,1994,335,12.00,0,2,.,2,.,.,.,.,.,.,.,.,0.66,0.15,0.81,.,22,.,.,.,.,.,.,.,.,.,.,.,.,22,.,.,.,.,.,.,17.9,21.6,23.5,-0.09,-0.09,-0.49,0.1,.,0.154292933,.,0.154292933,.,.,.,.,.,.,.,.,.,.,.,.,.,.,.,.,.,1.8,-0.3,0.75,77.4,82.4,79.9,1.8,-0.3,0.752,184,45,1,1994,335,12.00,0,2,.,2,.,.,.,.,.,.,.,.,1.16,0.15,1.31,.,23.2,.,.,.,.,.,.,.,.,.,.,.,.,23.2,.,.,.,.,.,.,13.7,22,27.6,0.39,0.58,0.38,0.08,.,0.13886364,.,0.13886364,.,.,.,.,.,.,.,.,.,.,.,.,.,.,.,.,.,1.8,-0.3,0.75,77.4,82.4,79.9,1.8,-0.3,0.752,461,55,1,1994,335,12.00,-1,2,.,2,.,.,.,.,.,.,.,.,0.58,0.15,0.73,.,23.2,.,.,.,.,.,.,.,.,.,.,.,.,23.2,.,.,.,.,.,.,13.7,22.8,24,-0.07,-0.07,-0.36,0.08,.,0.13886364,.,0.13886364,.,.,.,.,.,.,.,.,.,.,.,.,.,.,.,.,.,1.8,-0.3,0.75,77.4,82.4,79.9,1.8,-0.3,0.753,1669,25,1,1994,335,12.00,0,2,.,2,.,.,.,.,.,.,.,.,0.58,0.15,0.73,.,22.3,.,.,.,.,.,.,.,.,.,.,.,.,22.3,.,.,.,.,.,.,27.8,22,23.3,-0.09,-0.09,-0.51,0.1,.,0.15043561,.,0.15043561,.,.,.,.,.,.,.,.,.,.,.,.,.,.,.,.,.,1.8,-0.3,0.75,77.4,82.4,79.9,1.8,-0.3,0.751,367,35,0,1994,335,14.00,0,2,.,2,.,.,.,.,.,.,.,.,0.7,0.15,0.85,.,22.3,.,.,.,.,.,.,.,.,.,.,.,.,22.3,.,.,.,.,.,.,19.4,21.9,24.1,-0.06,-0.06,-0.35,0.07,.,0.15043561,.,0.15043561,.,.,.,.,.,.,.,.,.,.,.,.,.,.,.,.,.,1.8,1.4,1.6,77.4,79.2,78.3,1.8,1.4,1.62,620,45,0,1994,335,14.00,0,2,.,2,.,.,.,.,.,.,.,.,0.8,0.15,0.95,.,23.2,.,.,.,.,.,.,.,.,.,.,.,.,23.2,.,.,.,.,.,.,15.6,22.6,25.5,0,0,-0.01,0.05,.,0.13886364,.,0.13886364,.,.,.,.,.,.,.,.,.,.,.,.,.,.,.,.,.,1.8,1.4,1.6,77.4,79.2,78.3,1.8,1.4,1.62,778,55,0,1994,335,14.00,0,2,.,2,.,.,.,.,.,.,.,.,0.62,0.15,0.77,.,23.2,.,.,.,.,.,.,.,.,.,.,.,.,23.2,.,.,.,.,.,.,15.6,22.8,24.3,-0.05,-0.05,-0.28,0.07,.,0.13886364,.,0.13886364,.,.,.,.,.,.,.,.,.,.,.,.,.,.,.,.,.,1.8,1.4,1.6,77.4,79.2,78.3,1.8,1.4,1.63,349,35,0,1994,335,14.00,1,2,.,2,.,.,.,.,.,.,.,.,0.62,0.15,0.77,.,22.3,.,.,.,.,.,.,.,.,.,.,.,.,22.3,.,.,.,.,.,.,30.3,22.1,23.6,-0.08,-0.08,-0.42,0.09,.,0.15043561,.,0.15043561,.,.,.,.,.,.,.,.,.,.,.,.,.,.,.,.,.,1.8,1.4,1.6,77.4,79.2,78.3,1.8,1.4,1.63,1495,45,1,1994,335,14.00,1,2,.,1,.,.,.,.,.,.,.,.,0.56,0.15,0.71,.,23,.,.,.,.,.,.,.,.,.,.,.,.,23,.,.,.,.,.,.,28.2,22.7,23.8,-0.07,-0.07,-0.36,0.08,.,0.141435189,.,0.141435189,.,.,.,.,.,.,.,.,.,.,.,.,.,.,.,.,.,1.8,1.4,1.6,77.4,79.2,78.3,1.8,1.4,1.63,1754,45,1,1994,335,14.00,0,2,.,2,.,.,.,.,.,.,.,.,0.63,0.15,0.78,.,22.3,.,.,.,.,.,.,.,.,.,.,.,.,22.3,.,.,.,.,.,.,26.8,22,23.7,-0.08,-0.08,-0.42,0.09,.,0.15043561,.,0.15043561,.,.,.,.,.,.,.,.,.,.,.,.,.,.,.,.,.,1.8,1.4,1.6,77.4,79.2,78.3,1.8,1.4,1.63,1807,25,1,1994,335,14.00,0,2,.,2,.,.,.,.,.,.,.,.,0.62,0.15,0.77,.,24.1,.,.,.,.,.,.,.,.,.,.,.,.,24.1,.,.,.,.,.,.,24.4,23.7,25.2,-0.01,-0.01,0,0.05,.,0.12729167,.,0.12729167,.,.,.,.,.,.,.,.,.,.,.,.,.,.,.,.,.,1.8,1.4,1.6,77.4,79.2,78.3,1.8,1.4,1.63,2006,25,1,1994,335,14.00,1,2,.,2,.,.,.,.,.,.,.,.,0.42,0.15,0.57,.,22.3,.,.,.,.,.,.,.,.,.,.,.,.,22.3,.,.,.,.,.,.,30.3,22.1,22,-0.16,-0.16,-0.84,0.2,.,0.15043561,.,0.15043561,.,.,.,.,.,.,.,.,.,.,.,.,.,.,.,.,.,1.8,1.4,1.6,77.4,79.2,78.3,1.8,1.4,1.61,51,45,0,1994,335,15.00,-1,2,.,2,.,.,.,.,.,.,.,.,0.96,0.15,1.11,.,22.3,.,.,.,.,.,.,.,.,.,.,.,.,22.3,.,.,.,.,.,.,19.4,21.7,25.9,0.04,0.1,0.02,0.05,.,0.15043561,.,0.15043561,.,.,.,.,.,.,.,.,.,.,.,.,.,.,.,.,.,1.8,1.8,1.8,77.4,77.4,77.4,1.8,1.8,1.81,105,45,0,1994,335,15.00,1,2,.,2,.,.,.,.,.,.,.,.,1.04,0.15,1.19,.,22.3,.,.,.,.,.,.,.,.,.,.,.,.,22.3,.,.,.,.,.,.,19.4,21.6,26.4,0.14,0.24,0.12,0.05,.,0.15043561,.,0.15043561,.,.,.,.,.,.,.,.,.,.,.,.,.,.,.,.,.,1.8,1.8,1.8,77.4,77.4,77.4,1.8,1.8,1.82,109,25,1,1994,335,15.00,0,2,.,2,.,.,.,.,.,.,.,.,0.46,0.15,0.61,.,23.2,.,.,.,.,.,.,.,.,.,.,.,.,23.2,.,.,.,.,.,.,15.6,22.8,23.1,-0.11,-0.11,-0.58,0.12,.,0.13886364,.,0.13886364,.,.,.,.,.,.,.,.,.,.,.,.,.,.,.,.,.,1.8,1.8,1.8,77.4,77.4,77.4,1.8,1.8,1.82,185,45,1,1994,335,15.00,0,2,.,.,.,.,.,.,.,.,.,.,1.16,0.15,1.31,.,23.2,.,.,.,.,.,.,.,.,.,.,.,.,23.2,.,.,.,.,.,.,15.6,22.1,27.7,0.39,0.6,0.39,0.08,.,0.13886364,.,0.13886364,.,.,.,.,.,.,.,.,.,.,.,.,.,.,.,.,.,1.8,1.8,1.8,77.4,77.4,77.4,1.8,1.8,1.82,255,35,1,1994,335,15.00,1,2,.,1,.,.,.,.,.,.,.,.,0.58,0.15,0.73,.,23.2,.,.,.,.,.,.,.,.,.,.,.,.,23.2,.,.,.,.,.,.,15.6,22.8,24,-0.06,-0.06,-0.35,0.08,.,0.13886364,.,0.13886364,.,.,.,.,.,.,.,.,.,.,.,.,.,.,.,.,.,1.8,1.8,1.8,77.4,77.4,77.4,1.8,1.8,1.82,695,45,0,1994,335,15.00,0,2,.,2,.,.,.,.,.,.,.,.,1.32,0.15,1.47,.,23.2,.,.,.,.,.,.,.,.,.,.,.,.,23.2,.,.,.,.,.,.,15.6,21.9,28.6,0.53,0.85,0.53,0.11,.,0.13886364,.,0.13886364,.,.,.,.,.,.,.,.,.,.,.,.,.,.,.,.,.,1.8,1.8,1.8,77.4,77.4,77.4,1.9,1.9,1.93,744,35,0,1994,335,15.00,1,2,.,2,.,.,.,.,.,.,.,.,0.77,0.15,0.92,.,22.3,.,.,.,.,.,.,.,.,.,.,.,.,22.3,.,.,.,.,.,.,40.3,22.2,24.9,-0.02,-0.02,-0.11,0.05,.,0.15043561,.,0.15043561,.,.,.,.,.,.,.,.,.,.,.,.,.,.,.,.,.,1.8,1.8,1.8,77.4,77.4,77.4,1.8,1.8,1.83,1089,35,1,1994,335,15.00,0,2,.,2,.,.,.,.,.,.,.,.,1.11,0.15,1.26,.,22.7,.,.,.,.,.,.,.,.,.,.,.,.,22.7,.,.,.,.,.,.,26.8,22,27.3,0.31,0.5,0.32,0.07,.,0.145292512,.,0.145292512,.,.,.,.,.,.,.,.,.,.,.,.,.,.,.,.,.,1.8,1.8,1.8,77.4,77.4,77.4,1.8,1.8,1.83,1182,45,1,1994,335,15.00,0,2,.,2,.,.,.,.,.,.,.,.,0.59,0.15,0.74,.,23,.,.,.,.,.,.,.,.,.,.,.,.,23,.,.,.,.,.,.,27.6,22.7,24,-0.06,-0.06,-0.31,0.07,.,0.141435189,.,0.141435189,.,.,.,.,.,.,.,.,.,.,.,.,.,.,.,.,.,1.8,1.8,1.8,77.4,77.4,77.4,1.8,1.8,1.83,1363,25,1,1994,335,15.00,1,2,.,1,.,.,.,.,.,.,.,.,1.02,0.15,1.17,.,23,.,.,.,.,.,.,.,.,.,.,.,.,23,.,.,.,.,.,.,27.6,22.4,27,0.27,0.42,0.29,0.07,.,0.141435189,.,0.141435189,.,.,.,.,.,.,.,.,.,.,.,.,.,.,.,.,.,1.8,1.8,1.8,77.4,77.4,77.4,1.8,1.8,1.81,157,35,0,1994,336,9.00,0,2,.,2,.,.,.,.,.,.,.,.,0.62,0.15,0.77,.,22.3,.,.,.,.,.,.,.,.,.,.,.,.,22.3,.,.,.,.,.,.,21.9,22,23.5,-0.09,-0.09,-0.47,0.1,.,0.15043561,.,0.15043561,.,.,.,.,.,.,.,.,.,.,.,.,.,.,.,.,.,9.6,6,7.8,49.1,65,57.05,9.6,6,7.81,295,45,1,1994,336,9.00,0,2,.,2,.,.,.,.,.,.,.,.,0.75,0.15,0.9,.,22.3,.,.,.,.,.,.,.,.,.,.,.,.,22.3,.,.,.,.,.,.,21.9,22,24.5,-0.04,-0.04,-0.25,0.06,.,0.15043561,.,0.15043561,.,.,.,.,.,.,.,.,.,.,.,.,.,.,.,.,.,9.6,6,7.8,49.1,65,57.05,9.6,6,7.82,110,25,1,1994,336,9.00,0,2,.,2,.,.,.,.,.,.,.,.,0.75,0.15,0.9,.,23.2,.,.,.,.,.,.,.,.,.,.,.,.,23.2,.,.,.,.,.,.,17,22.7,25.2,-0.01,-0.01,-0.07,0.05,.,0.13886364,.,0.13886364,.,.,.,.,.,.,.,.,.,.,.,.,.,.,.,.,.,9.6,6,7.8,49.1,65,57.05,9.6,6,7.82,186,45,1,1994,336,9.00,-1,2,.,3,.,.,.,.,.,.,.,.,1.29,0.15,1.44,.,23.2,.,.,.,.,.,.,.,.,.,.,.,.,23.2,.,.,.,.,.,.,17,22,28.4,0.5,0.81,0.51,0.1,.,0.13886364,.,0.13886364,.,.,.,.,.,.,.,.,.,.,.,.,.,.,.,.,.,9.6,6,7.8,49.1,65,57.05,9.6,6,7.82,621,45,0,1994,336,9.00,0,2,.,2,.,.,.,.,.,.,.,.,0.8,0.15,0.95,.,23.2,.,.,.,.,.,.,.,.,.,.,.,.,23.2,.,.,.,.,.,.,17,22.6,25.5,0,0,0,0.05,.,0.13886364,.,0.13886364,.,.,.,.,.,.,.,.,.,.,.,.,.,.,.,.,.,9.6,6,7.8,49.1,65,57.05,9.6,6,7.83,682,35,0,1994,336,9.00,1,2,.,2,.,.,.,.,.,.,.,.,1.09,0.15,1.24,.,21.3,.,.,.,.,.,.,.,.,.,.,.,.,21.3,.,.,.,.,.,.,42.4,21.1,26.3,0.12,0.23,0.11,0.05,.,0.163293354,.,0.163293354,.,.,.,.,.,.,.,.,.,.,.,.,.,.,.,.,.,9.6,6,7.8,49.1,65,57.05,9.6,6,7.83,745,35,0,1994,336,9.00,2,1,.,1,.,.,.,.,.,.,.,.,1.3,0.15,1.45,.,21.3,.,.,.,.,.,.,.,.,.,.,.,.,21.3,.,.,.,.,.,.,42.4,21.1,27.7,0.33,0.63,0.33,0.07,.,0.163293354,.,0.163293354,.,.,.,.,.,.,.,.,.,.,.,.,.,.,.,.,.,9.6,6,7.8,49.1,65,57.05,9.6,6,7.83,1233,35,0,1994,336,9.00,1,2,.,2,.,.,.,.,.,.,.,.,0.96,0.15,1.11,.,22.3,.,.,.,.,.,.,.,.,.,.,.,.,22.3,.,.,.,.,.,.,30.1,21.9,26.1,0.09,0.17,0.09,0.05,.,0.15043561,.,0.15043561,.,.,.,.,.,.,.,.,.,.,.,.,.,.,.,.,.,9.6,6,7.8,49.1,65,57.05,9.6,6,7.83,1671,25,1,1994,336,9.00,0,2,.,2,.,.,.,.,.,.,.,.,0.75,0.15,0.9,.,22,.,.,.,.,.,.,.,.,.,.,.,.,22,.,.,.,.,.,.,28.3,21.8,24.3,-0.05,-0.05,-0.28,0.07,.,0.154292933,.,0.154292933,.,.,.,.,.,.,.,.,.,.,.,.,.,.,.,.,.,9.6,6,7.8,49.1,65,57.05,9.6,6,7.83,1755,45,1,1994,336,9.00,1,2,.,1,.,.,.,.,.,.,.,.,0.63,0.15,0.78,.,22,.,.,.,.,.,.,.,.,.,.,.,.,22,.,.,.,.,.,.,28.3,21.7,23.4,-0.09,-0.09,-0.49,0.1,.,0.154292933,.,0.154292933,.,.,.,.,.,.,.,.,.,.,.,.,.,.,.,.,.,9.6,6,7.8,49.1,65,57.05,9.6,6,7.83,617,55,0,1994,336,10.00,0,2,.,2,.,.,.,.,.,.,.,.,1.06,0.15,1.21,.,21.3,.,.,.,.,.,.,.,.,.,.,.,.,21.3,.,.,.,.,.,.,42.9,21.2,26.1,0.08,0.18,0.08,0.05,.,0.163293354,.,0.163293354,.,.,.,.,.,.,.,.,.,.,.,.,.,.,.,.,.,9.6,6.6,8.1,49.1,62.4,55.75,9.6,6.6,8.13,1496,45,1,1994,336,10.00,0,2,.,2,.,.,.,.,.,.,.,.,0.56,0.15,0.71,.,22.7,.,.,.,.,.,.,.,.,.,.,.,.,22.7,.,.,.,.,.,.,30.2,22.5,23.5,-0.08,-0.08,-0.43,0.09,.,0.145292512,.,0.145292512,.,.,.,.,.,.,.,.,.,.,.,.,.,.,.,.,.,9.6,6.6,8.1,49.1,62.4,55.75,9.6,6.6,8.13,2007,25,1,1994,336,10.00,1,2,.,1,.,.,.,.,.,.,.,.,0.5,0.15,0.65,.,22,.,.,.,.,.,.,.,.,.,.,.,.,22,.,.,.,.,.,.,37.2,21.9,22.5,-0.13,-0.13,-0.7,0.15,.,0.154292933,.,0.154292933,.,.,.,.,.,.,.,.,.,.,.,.,.,.,.,.,.,9.6,6.6,8.1,49.1,62.4,55.75,9.6,6.6,8.14,47,35,1,1994,336,10.00,0,2,.,2,.,.,.,.,.,.,.,.,0.58,0.15,0.73,.,23.8,.,.,.,.,.,.,.,.,.,.,.,.,23.8,.,.,.,.,.,.,19.3,23.4,24.6,-0.03,-0.03,-0.18,0.06,.,0.131148993,.,0.131148993,.,.,.,.,.,.,.,.,.,.,.,.,.,.,.,.,.,9.6,6.6,8.1,49.1,62.4,55.75,9.6,6.6,8.11,106,45,0,1994,336,16.00,0,2,.,2,.,.,.,.,.,.,.,.,0.96,0.15,1.11,.,24.1,.,.,.,.,.,.,.,.,.,.,.,.,24.1,.,.,.,.,.,.,21,23.2,27.3,0.35,0.51,0.41,0.08,.,0.12729167,.,0.12729167,.,.,.,.,.,.,.,.,.,.,.,.,.,.,.,.,.,9.6,9.6,9.6,49.1,49.1,49.1,9.6,9.6,9.61,368,35,0,1994,336,16.00,0,2,.,2,.,.,.,.,.,.,.,.,0.7,0.15,0.85,.,24.1,.,.,.,.,.,.,.,.,.,.,.,.,24.1,.,.,.,.,.,.,21,23.5,25.7,0.03,0.08,0.09,0.05,.,0.12729167,.,0.12729167,.,.,.,.,.,.,.,.,.,.,.,.,.,.,.,.,.,9.6,9.6,9.6,49.1,49.1,49.1,9.6,9.6,9.62,622,45,0,1994,336,16.00,-1,2,.,3,.,.,.,.,.,.,.,.,0.78,0.15,0.93,.,23.6,.,.,.,.,.,.,.,.,.,.,.,.,23.6,.,.,.,.,.,.,16.9,22.9,25.7,0.03,0.08,0.06,0.05,.,0.133720542,.,0.133720542,.,.,.,.,.,.,.,.,.,.,.,.,.,.,.,.,.,9.6,9.6,9.6,49.1,49.1,49.1,9.6,9.6,9.62,780,55,0,1994,336,16.00,0,2,.,2,.,.,.,.,.,.,.,.,0.62,0.15,0.77,.,23.6,.,.,.,.,.,.,.,.,.,.,.,.,23.6,.,.,.,.,.,.,16.9,23.2,24.7,-0.03,-0.03,-0.18,0.06,.,0.133720542,.,0.133720542,.,.,.,.,.,.,.,.,.,.,.,.,.,.,.,.,.,9.6,9.6,9.6,49.1,49.1,49.1,9.6,9.6,9.63,350,35,0,1994,336,16.00,0,2,.,2,.,.,.,.,.,.,.,.,0.67,0.15,0.82,.,22.7,.,.,.,.,.,.,.,.,.,.,.,.,22.7,.,.,.,.,.,.,27.7,22.4,24.4,-0.04,-0.04,-0.24,0.06,.,0.145292512,.,0.145292512,.,.,.,.,.,.,.,.,.,.,.,.,.,.,.,.,.,9.6,9.6,9.6,49.1,49.1,49.1,9.6,9.6,9.63,568,45,0,1994,336,16.00,0,2,.,2,.,.,.,.,.,.,.,.,1.06,0.15,1.21,.,22.3,.,.,.,.,.,.,.,.,.,.,.,.,22.3,.,.,.,.,.,.,37.7,22,26.9,0.23,0.41,0.25,0.06,.,0.15043561,.,0.15043561,.,.,.,.,.,.,.,.,.,.,.,.,.,.,.,.,.,9.6,9.6,9.6,49.1,49.1,49.1,9.6,9.6,9.63,683,35,0,1994,336,16.00,0,2,.,2,.,.,.,.,.,.,.,.,0.79,0.15,0.94,.,22.3,.,.,.,.,.,.,.,.,.,.,.,.,22.3,.,.,.,.,.,.,37.7,22.1,25,-0.01,-0.01,-0.09,0.05,.,0.15043561,.,0.15043561,.,.,.,.,.,.,.,.,.,.,.,.,.,.,.,.,.,9.6,9.6,9.6,49.1,49.1,49.1,9.6,9.6,9.63,1041,25,0,1994,336,16.00,0,2,.,2,.,.,.,.,.,.,.,.,0.62,0.15,0.77,.,22.7,.,.,.,.,.,.,.,.,.,.,.,.,22.7,.,.,.,.,.,.,27.7,22.4,24,-0.06,-0.06,-0.33,0.07,.,0.145292512,.,0.145292512,.,.,.,.,.,.,.,.,.,.,.,.,.,.,.,.,.,9.6,9.6,9.6,49.1,49.1,49.1,9.6,9.6,9.63,1137,.,.,1994,336,16.00,1,2,.,2,.,.,.,.,.,.,.,.,1.04,0.15,1.19,.,23,.,.,.,.,.,.,.,.,.,.,.,.,23,.,.,.,.,.,.,25.6,22.3,27.1,0.28,0.44,0.3,0.07,.,0.141435189,.,0.141435189,.,.,.,.,.,.,.,.,.,.,.,.,.,.,.,.,.,9.6,9.6,9.6,49.1,49.1,49.1,9.6,9.6,9.63,1183,45,1,1994,336,16.00,0,2,.,2,.,.,.,.,.,.,.,.,0.67,0.15,0.82,.,23,.,.,.,.,.,.,.,.,.,.,.,.,23,.,.,.,.,.,.,25.6,22.7,24.6,-0.03,-0.03,-0.18,0.06,.,0.141435189,.,0.141435189,.,.,.,.,.,.,.,.,.,.,.,.,.,.,.,.,.,9.6,9.6,9.6,49.1,49.1,49.1,9.6,9.6,9.63,1234,35,0,1994,336,16.00,-1,2,.,2,.,.,.,.,.,.,.,.,0.62,0.15,0.77,.,23,.,.,.,.,.,.,.,.,.,.,.,.,23,.,.,.,.,.,.,25.6,22.7,24.2,-0.05,-0.05,-0.27,0.06,.,0.141435189,.,0.141435189,.,.,.,.,.,.,.,.,.,.,.,.,.,.,.,.,.,9.6,9.6,9.6,49.1,49.1,49.1,9.6,9.6,9.63,1365,25,1,1994,336,16.00,-1,2,.,2,.,.,.,.,.,.,.,.,0.63,0.15,0.78,.,23,.,.,.,.,.,.,.,.,.,.,.,.,23,.,.,.,.,.,.,25.6,22.7,24.3,-0.05,-0.05,-0.25,0.06,.,0.141435189,.,0.141435189,.,.,.,.,.,.,.,.,.,.,.,.,.,.,.,.,.,9.6,9.6,9.6,49.1,49.1,49.1,9.6,9.6,9.63,1672,25,1,1994,336,16.00,0,2,.,2,.,.,.,.,.,.,.,.,0.75,0.15,0.9,.,22.7,.,.,.,.,.,.,.,.,.,.,.,.,22.7,.,.,.,.,.,.,23.7,22.4,24.9,-0.02,-0.02,-0.14,0.05,.,0.145292512,.,0.145292512,.,.,.,.,.,.,.,.,.,.,.,.,.,.,.,.,.,9.6,9.6,9.6,49.1,49.1,49.1,9.6,9.6,9.62,329,45,1,1994,336,17.00,-1,2,.,2,.,.,.,.,.,.,.,.,0.67,0.15,0.82,.,23.2,.,.,.,.,.,.,.,.,.,.,.,.,23.2,.,.,.,.,.,.,17,22.8,24.7,-0.03,-0.03,-0.19,0.06,.,0.13886364,.,0.13886364,.,.,.,.,.,.,.,.,.,.,.,.,.,.,.,.,.,9.6,8.6,9.1,49.1,53,51.05,9.6,8.6,9.11,53,45,0,1994,339,8.00,-1,2,.,2,.,.,.,.,.,.,.,.,1.48,0.15,1.63,.,22.7,.,.,.,.,.,.,.,.,.,.,.,.,22.7,.,.,.,.,.,.,27.5,21.7,29.4,0.61,1.12,0.63,0.13,.,0.145292512,.,0.145292512,.,.,.,.,.,.,.,.,.,.,.,.,.,.,.,.,.,5.7,5.3,5.5,100,94.3,97.15,5.9,5.5,5.71,158,35,0,1994,339,8.00,0,2,.,2,.,.,.,.,.,.,.,.,0.96,0.15,1.11,.,22.7,.,.,.,.,.,.,.,.,.,.,.,.,22.7,.,.,.,.,.,.,27.5,22.1,26.3,0.15,0.25,0.16,0.05,.,0.145292512,.,0.145292512,.,.,.,.,.,.,.,.,.,.,.,.,.,.,.,.,.,5.7,5.3,5.5,100,94.3,97.15,5.9,5.4,5.651,296,45,1,1994,339,8.00,-1,2,.,2,.,.,.,.,.,.,.,.,0.25,0.15,0.4,.,22.7,.,.,.,.,.,.,.,.,.,.,.,.,22.7,.,.,.,.,.,.,27.5,22.4,20.9,-0.24,-0.24,-1.19,0.35,.,0.145292512,.,0.145292512,.,.,.,.,.,.,.,.,.,.,.,.,.,.,.,.,.,5.7,5.3,5.5,100,94.3,97.15,5.9,5.4,5.651,369,35,0,1994,339,8.00,1,2,.,1,.,.,.,.,.,.,.,.,1.06,0.15,1.21,.,22.7,.,.,.,.,.,.,.,.,.,.,.,.,22.7,.,.,.,.,.,.,27.5,22.1,27,0.26,0.42,0.27,0.06,.,0.145292512,.,0.145292512,.,.,.,.,.,.,.,.,.,.,.,.,.,.,.,.,.,5.7,5.3,5.5,100,94.3,97.15,5.9,5.4,5.651,568,35,0,1994,339,8.00,1,2,.,1,.,.,.,.,.,.,.,.,0.62,0.15,0.77,.,22.7,.,.,.,.,.,.,.,.,.,.,.,.,22.7,.,.,.,.,.,.,27.5,22.4,24,-0.06,-0.06,-0.34,0.07,.,0.145292512,.,0.145292512,.,.,.,.,.,.,.,.,.,.,.,.,.,.,.,.,.,5.7,5.3,5.5,100,94.3,97.15,5.9,5.4,5.652,187,45,1,1994,339,8.00,0,2,.,2,.,.,.,.,.,.,.,.,1,0.15,1.15,.,23.2,.,.,.,.,.,.,.,.,.,.,.,.,23.2,.,.,.,.,.,.,24,22.5,26.9,0.26,0.41,0.28,0.07,.,0.13886364,.,0.13886364,.,.,.,.,.,.,.,.,.,.,.,.,.,.,.,.,.,5.7,5.3,5.5,100,94.3,97.15,5.9,5.4,5.652,257,35,1,1994,339,8.00,0,2,.,2,.,.,.,.,.,.,.,.,0.76,0.15,0.91,.,23.2,.,.,.,.,.,.,.,.,.,.,.,.,23.2,.,.,.,.,.,.,24,22.7,25.4,0,0,-0.01,0.05,.,0.13886364,.,0.13886364,.,.,.,.,.,.,.,.,.,.,.,.,.,.,.,.,.,5.7,5.3,5.5,100,94.3,97.15,5.9,5.4,5.652,330,45,1,1994,339,8.00,0,2,.,2,.,.,.,.,.,.,.,.,0.72,0.15,0.87,.,23.2,.,.,.,.,.,.,.,.,.,.,.,.,23.2,.,.,.,.,.,.,24,22.8,25.1,-0.01,-0.01,-0.07,0.05,.,0.13886364,.,0.13886364,.,.,.,.,.,.,.,.,.,.,.,.,.,.,.,.,.,5.7,5.3,5.5,100,94.3,97.15,5.9,5.4,5.652,781,55,0,1994,339,8.00,0,2,.,2,.,.,.,.,.,.,.,.,0.62,0.15,0.77,.,23.2,.,.,.,.,.,.,.,.,.,.,.,.,23.2,.,.,.,.,.,.,24,22.9,24.4,-0.04,-0.04,-0.23,0.06,.,0.13886364,.,0.13886364,.,.,.,.,.,.,.,.,.,.,.,.,.,.,.,.,.,5.7,5.3,5.5,100,94.3,97.15,5.9,5.4,5.653,189,.,.,1994,339,8.00,0,2,.,3,.,.,.,.,.,.,.,.,0.84,0.15,0.99,.,21.6,.,.,.,.,.,.,.,.,.,.,.,.,21.6,.,.,.,.,.,.,29.8,21.4,24.6,-0.03,-0.03,-0.22,0.06,.,0.159436031,.,0.159436031,.,.,.,.,.,.,.,.,.,.,.,.,.,.,.,.,.,5.7,5.3,5.5,100,94.3,97.15,5.9,5.4,5.653,969,25,1,1994,339,8.00,2,1,.,1,.,.,.,.,.,.,.,.,0.67,0.15,0.82,.,21.3,.,.,.,.,.,.,.,.,.,.,.,.,21.3,.,.,.,.,.,.,31.5,21.1,23.1,-0.1,-0.1,-0.56,0.12,.,0.163293354,.,0.163293354,.,.,.,.,.,.,.,.,.,.,.,.,.,.,.,.,.,5.7,5.3,5.5,100,94.3,97.15,5.9,5.4,5.653,1366,25,1,1994,339,8.00,0,2,.,2,.,.,.,.,.,.,.,.,1.02,0.15,1.17,.,22.3,.,.,.,.,.,.,.,.,.,.,.,.,22.3,.,.,.,.,.,.,29.6,21.8,26.5,0.16,0.28,0.16,0.06,.,0.15043561,.,0.15043561,.,.,.,.,.,.,.,.,.,.,.,.,.,.,.,.,.,5.7,5.3,5.5,100,94.3,97.15,5.9,5.4,5.653,1497,45,1,1994,339,8.00,-1,2,.,3,.,.,.,.,.,.,.,.,0.56,0.15,0.71,.,22.3,.,.,.,.,.,.,.,.,.,.,.,.,22.3,.,.,.,.,.,.,29.6,22.1,23.2,-0.1,-0.1,-0.53,0.11,.,0.15043561,.,0.15043561,.,.,.,.,.,.,.,.,.,.,.,.,.,.,.,.,.,5.7,5.3,5.5,100,94.3,97.15,5.9,5.4,5.653,1928,.,.,1994,339,8.00,0,2,.,3,.,.,.,.,.,.,.,.,0.76,0.15,0.91,.,21.6,.,.,.,.,.,.,.,.,.,.,.,.,21.6,.,.,.,.,.,.,29.8,21.4,24,-0.06,-0.06,-0.35,0.07,.,0.159436031,.,0.159436031,.,.,.,.,.,.,.,.,.,.,.,.,.,.,.,.,.,5.7,5.3,5.5,100,94.3,97.15,5.9,5.4,5.652,397,35,1,1994,339,9.00,0,2,.,2,.,.,.,.,.,.,.,.,0.84,0.15,0.99,.,23.2,.,.,.,.,.,.,.,.,.,.,.,.,23.2,.,.,.,.,.,.,24,22.6,25.9,0.07,0.13,0.1,0.05,.,0.13886364,.,0.13886364,.,.,.,.,.,.,.,.,.,.,.,.,.,.,.,.,.,5.7,5.4,5.55,100,94.1,97.05,5.9,5.5,5.72,696,45,0,1994,339,9.00,-1,2,.,3,.,.,.,.,.,.,.,.,0.64,0.15,0.79,.,23.2,.,.,.,.,.,.,.,.,.,.,.,.,23.2,.,.,.,.,.,.,24,22.9,24.6,-0.04,-0.04,-0.2,0.06,.,0.13886364,.,0.13886364,.,.,.,.,.,.,.,.,.,.,.,.,.,.,.,.,.,5.7,5.4,5.55,100,94.1,97.05,5.9,5.5,5.71,54,45,0,1994,339,13.00,-1,2,.,2,.,.,.,.,.,.,.,.,1.14,0.15,1.29,.,23,.,.,.,.,.,.,.,.,.,.,.,.,23,.,.,.,.,.,.,29.7,22.3,27.8,0.39,0.64,0.42,0.09,.,0.141435189,.,0.141435189,.,.,.,.,.,.,.,.,.,.,.,.,.,.,.,.,.,5.7,5.4,5.55,100,99.8,99.9,5.9,5.6,5.751,107,45,0,1994,339,13.00,0,2,.,2,.,.,.,.,.,.,.,.,0.7,0.15,0.85,.,23,.,.,.,.,.,.,.,.,.,.,.,.,23,.,.,.,.,.,.,29.7,22.8,24.9,-0.02,-0.02,-0.11,0.05,.,0.141435189,.,0.141435189,.,.,.,.,.,.,.,.,.,.,.,.,.,.,.,.,.,5.7,5.4,5.55,100,99.8,99.9,5.9,5.6,5.751,297,45,1,1994,339,13.00,0,2,.,2,.,.,.,.,.,.,.,.,0.57,0.15,0.72,.,23,.,.,.,.,.,.,.,.,.,.,.,.,23,.,.,.,.,.,.,29.7,22.8,23.9,-0.06,-0.06,-0.33,0.07,.,0.141435189,.,0.141435189,.,.,.,.,.,.,.,.,.,.,.,.,.,.,.,.,.,5.7,5.4,5.55,100,99.8,99.9,5.9,5.6,5.751,370,35,0,1994,339,13.00,0,2,.,2,.,.,.,.,.,.,.,.,1.06,0.15,1.21,.,23,.,.,.,.,.,.,.,.,.,.,.,.,23,.,.,.,.,.,.,29.7,22.4,27.3,0.32,0.51,0.35,0.07,.,0.141435189,.,0.141435189,.,.,.,.,.,.,.,.,.,.,.,.,.,.,.,.,.,5.7,5.4,5.55,100,99.8,99.9,5.9,5.6,5.752,331,45,1,1994,339,13.00,-1,2,.,3,.,.,.,.,.,.,.,.,0.72,0.15,0.87,.,23.2,.,.,.,.,.,.,.,.,.,.,.,.,23.2,.,.,.,.,.,.,25.7,22.8,25.1,-0.01,-0.01,-0.06,0.05,.,0.13886364,.,0.13886364,.,.,.,.,.,.,.,.,.,.,.,.,.,.,.,.,.,5.7,5.4,5.55,100,99.8,99.9,5.9,5.6,5.752,623,45,0,1994,339,13.00,-1,2,.,3,.,.,.,.,.,.,.,.,0.8,0.15,0.95,.,23.2,.,.,.,.,.,.,.,.,.,.,.,.,23.2,.,.,.,.,.,.,25.7,22.7,25.7,0.02,0.07,0.06,0.05,.,0.13886364,.,0.13886364,.,.,.,.,.,.,.,.,.,.,.,.,.,.,.,.,.,5.7,5.4,5.55,100,99.8,99.9,5.9,5.6,5.753,408,45,0,1994,339,13.00,-1,2,.,3,.,.,.,.,.,.,.,.,0.7,0.15,0.85,.,23.8,.,.,.,.,.,.,.,.,.,.,.,.,23.8,.,.,.,.,.,.,28.5,23.4,25.5,0.01,0.05,0.07,0.05,.,0.131148993,.,0.131148993,.,.,.,.,.,.,.,.,.,.,.,.,.,.,.,.,.,5.7,5.4,5.55,100,99.8,99.9,5.9,5.6,5.753,478,35,0,1994,339,13.00,1,2,.,2,.,.,.,.,.,.,.,.,1.37,0.15,1.52,.,22.7,.,.,.,.,.,.,.,.,.,.,.,.,22.7,.,.,.,.,.,.,30.6,21.9,29,0.54,0.98,0.58,0.12,.,0.145292512,.,0.145292512,.,.,.,.,.,.,.,.,.,.,.,.,.,.,.,.,.,5.7,5.4,5.55,100,99.8,99.9,5.9,5.6,5.753,684,35,0,1994,339,13.00,-2,1,.,3,.,.,.,.,.,.,.,.,0.62,0.15,0.77,.,22,.,.,.,.,.,.,.,.,.,.,.,.,22,.,.,.,.,.,.,34.5,21.8,23.4,-0.09,-0.09,-0.47,0.1,.,0.154292933,.,0.154292933,.,.,.,.,.,.,.,.,.,.,.,.,.,.,.,.,.,5.7,5.4,5.55,100,99.8,99.9,5.9,5.6,5.753,970,25,1,1994,339,13.00,1,2,.,1,.,.,.,.,.,.,.,.,0.67,0.15,0.82,.,22.7,.,.,.,.,.,.,.,.,.,.,.,.,22.7,.,.,.,.,.,.,30.6,22.5,24.4,-0.04,-0.04,-0.23,0.06,.,0.145292512,.,0.145292512,.,.,.,.,.,.,.,.,.,.,.,.,.,.,.,.,.,5.7,5.4,5.55,100,99.8,99.9,5.9,5.6,5.753,1090,35,1,1994,339,13.00,-3,1,.,3,.,.,.,.,.,.,.,.,1.12,0.15,1.27,.,22.3,.,.,.,.,.,.,.,.,.,.,.,.,22.3,.,.,.,.,.,.,31.5,21.8,27.2,0.28,0.47,0.28,0.07,.,0.15043561,.,0.15043561,.,.,.,.,.,.,.,.,.,.,.,.,.,.,.,.,.,5.7,5.4,5.55,100,99.8,99.9,5.9,5.6,5.753,1235,35,0,1994,339,13.00,1,2,.,1,.,.,.,.,.,.,.,.,0.98,0.15,1.13,.,22.7,.,.,.,.,.,.,.,.,.,.,.,.,22.7,.,.,.,.,.,.,30.2,22.2,26.5,0.18,0.3,0.2,0.06,.,0.145292512,.,0.145292512,.,.,.,.,.,.,.,.,.,.,.,.,.,.,.,.,.,5.7,5.4,5.55,100,99.8,99.9,5.9,5.6,5.753,1498,45,1,1994,339,13.00,-1,2,.,2,.,.,.,.,.,.,.,.,0.56,0.15,0.71,.,22.7,.,.,.,.,.,.,.,.,.,.,.,.,22.7,.,.,.,.,.,.,30.2,22.5,23.5,-0.08,-0.08,-0.43,0.09,.,0.145292512,.,0.145292512,.,.,.,.,.,.,.,.,.,.,.,.,.,.,.,.,.,5.7,5.4,5.55,100,99.8,99.9,5.9,5.6,5.753,1571,.,.,1994,339,13.00,0,2,.,2,.,.,.,.,.,.,.,.,1.01,0.15,1.16,.,23.8,.,.,.,.,.,.,.,.,.,.,.,.,23.8,.,.,.,.,.,.,28.5,23.1,27.6,0.38,0.59,0.45,0.09,.,0.131148993,.,0.131148993,.,.,.,.,.,.,.,.,.,.,.,.,.,.,.,.,.,5.7,5.4,5.55,100,99.8,99.9,5.9,5.6,5.753,1673,25,1,1994,339,13.00,-3,1,.,3,.,.,.,.,.,.,.,.,0.63,0.15,0.78,.,22.3,.,.,.,.,.,.,.,.,.,.,.,.,22.3,.,.,.,.,.,.,31.5,22.1,23.7,-0.07,-0.07,-0.39,0.08,.,0.15043561,.,0.15043561,.,.,.,.,.,.,.,.,.,.,.,.,.,.,.,.,.,5.7,5.4,5.55,100,99.8,99.9,5.9,5.6,5.753,1757,45,1,1994,339,13.00,0,2,.,2,.,.,.,.,.,.,.,.,0.63,0.15,0.78,.,22.3,.,.,.,.,.,.,.,.,.,.,.,.,22.3,.,.,.,.,.,.,31.5,22.1,23.7,-0.07,-0.07,-0.39,0.08,.,0.15043561,.,0.15043561,.,.,.,.,.,.,.,.,.,.,.,.,.,.,.,.,.,5.7,5.4,5.55,100,99.8,99.9,5.9,5.6,5.753,1809,25,1,1994,339,13.00,-1,2,.,3,.,.,.,.,.,.,.,.,0.8,0.15,0.95,.,23.8,.,.,.,.,.,.,.,.,.,.,.,.,23.8,.,.,.,.,.,.,28.5,23.3,26.2,0.15,0.24,0.21,0.06,.,0.131148993,.,0.131148993,.,.,.,.,.,.,.,.,.,.,.,.,.,.,.,.,.,5.7,5.4,5.55,100,99.8,99.9,5.9,5.6,5.754,49,35,1,1994,339,13.00,-1,2,.,3,.,.,.,.,.,.,.,.,0.42,0.15,0.57,.,23,.,.,.,.,.,.,.,.,.,.,.,.,23,.,.,.,.,.,.,28.2,22.7,22.7,-0.13,-0.13,-0.65,0.14,.,0.141435189,.,0.141435189,.,.,.,.,.,.,.,.,.,.,.,.,.,.,.,.,.,5.7,5.4,5.55,100,99.8,99.9,5.9,5.6,5.751,627,35,0,1994,339,14.00,0,2,.,2,.,.,.,.,.,.,.,.,0.49,0.15,0.64,.,23,.,.,.,.,.,.,.,.,.,.,.,.,23,.,.,.,.,.,.,29.7,22.8,23.3,-0.09,-0.09,-0.49,0.1,.,0.141435189,.,0.141435189,.,.,.,.,.,.,.,.,.,.,.,.,.,.,.,.,.,5.7,5.7,5.7,100,100.1,100.05,5.9,5.9,5.92,111,25,1,1994,339,14.00,0,2,.,2,.,.,.,.,.,.,.,.,0.41,0.15,0.56,.,23.2,.,.,.,.,.,.,.,.,.,.,.,.,23.2,.,.,.,.,.,.,26,22.9,22.8,-0.12,-0.12,-0.63,0.13,.,0.13886364,.,0.13886364,.,.,.,.,.,.,.,.,.,.,.,.,.,.,.,.,.,5.7,5.7,5.7,100,100.1,100.05,5.9,5.9,5.92,398,35,1,1994,339,14.00,0,2,.,2,.,.,.,.,.,.,.,.,0.84,0.15,0.99,.,23.2,.,.,.,.,.,.,.,.,.,.,.,.,23.2,.,.,.,.,.,.,26,22.7,25.9,0.08,0.14,0.11,0.05,.,0.13886364,.,0.13886364,.,.,.,.,.,.,.,.,.,.,.,.,.,.,.,.,.,5.7,5.7,5.7,100,100.1,100.05,5.9,5.9,5.93,248,35,0,1994,339,14.00,0,2,.,2,.,.,.,.,.,.,.,.,0.51,0.15,0.66,.,21.3,.,.,.,.,.,.,.,.,.,.,.,.,21.3,.,.,.,.,.,.,34.4,21.1,21.8,-0.17,-0.17,-0.88,0.21,.,0.163293354,.,0.163293354,.,.,.,.,.,.,.,.,.,.,.,.,.,.,.,.,.,5.7,5.7,5.7,100,100.1,100.05,5.9,5.9,5.93,1138,.,.,1994,339,14.00,-1,2,.,3,.,.,.,.,.,.,.,.,0.72,0.15,0.87,.,23,.,.,.,.,.,.,.,.,.,.,.,.,23,.,.,.,.,.,.,30.7,22.7,25,-0.01,-0.01,-0.07,0.05,.,0.141435189,.,0.141435189,.,.,.,.,.,.,.,.,.,.,.,.,.,.,.,.,.,5.7,5.7,5.7,100,100.1,100.05,5.9,5.9,5.91,224,45,0,1994,340,9.00,1,2,.,2,.,.,.,.,.,.,.,.,0.98,0.15,1.13,.,23,.,.,.,.,.,.,.,.,.,.,.,.,23,.,.,.,.,.,.,31.3,22.5,26.8,0.24,0.38,0.27,0.06,.,0.141435189,.,0.141435189,.,.,.,.,.,.,.,.,.,.,.,.,.,.,.,.,.,6.8,6.6,6.7,94,97.8,95.9,7,6.8,6.91,421,45,0,1994,340,9.00,0,2,.,2,.,.,.,.,.,.,.,.,0.66,0.15,0.81,.,23,.,.,.,.,.,.,.,.,.,.,.,.,23,.,.,.,.,.,.,31.3,22.8,24.6,-0.03,-0.03,-0.17,0.06,.,0.141435189,.,0.141435189,.,.,.,.,.,.,.,.,.,.,.,.,.,.,.,.,.,6.8,6.6,6.7,94,97.8,95.9,7,6.8,6.92,112,25,1,1994,340,9.00,1,2,.,2,.,.,.,.,.,.,.,.,0.41,0.15,0.56,.,23.2,.,.,.,.,.,.,.,.,.,.,.,.,23.2,.,.,.,.,.,.,27.4,22.9,22.8,-0.12,-0.12,-0.62,0.13,.,0.13886364,.,0.13886364,.,.,.,.,.,.,.,.,.,.,.,.,.,.,.,.,.,6.8,6.6,6.7,94,97.8,95.9,7,6.8,6.92,521,45,1,1994,340,9.00,0,2,.,2,.,.,.,.,.,.,.,.,0.62,0.15,0.77,.,23.2,.,.,.,.,.,.,.,.,.,.,.,.,23.2,.,.,.,.,.,.,27.4,22.9,24.4,-0.04,-0.04,-0.21,0.06,.,0.13886364,.,0.13886364,.,.,.,.,.,.,.,.,.,.,.,.,.,.,.,.,.,6.8,6.6,6.7,94,97.8,95.9,7,6.8,6.92,565,35,0,1994,340,9.00,0,2,.,2,.,.,.,.,.,.,.,.,0.74,0.15,0.89,.,23.2,.,.,.,.,.,.,.,.,.,.,.,.,23.2,.,.,.,.,.,.,27.4,22.8,25.3,-0.01,-0.01,-0.02,0.05,.,0.13886364,.,0.13886364,.,.,.,.,.,.,.,.,.,.,.,.,.,.,.,.,.,6.8,6.6,6.7,94,97.8,95.9,7,6.8,6.93,118,.,.,1994,340,9.00,-1,2,.,3,.,.,.,.,.,.,.,.,1.01,0.15,1.16,.,22,.,.,.,.,.,.,.,.,.,.,.,.,22,.,.,.,.,.,.,33.9,21.6,26.2,0.11,0.21,0.11,0.05,.,0.154292933,.,0.154292933,.,.,.,.,.,.,.,.,.,.,.,.,.,.,.,.,.,6.8,6.6,6.7,94,97.8,95.9,7,6.8,6.93,352,35,0,1994,340,9.00,0,2,.,2,.,.,.,.,.,.,.,.,0.75,0.15,0.9,.,22,.,.,.,.,.,.,.,.,.,.,.,.,22,.,.,.,.,.,.,33.9,21.8,24.4,-0.04,-0.04,-0.25,0.06,.,0.154292933,.,0.154292933,.,.,.,.,.,.,.,.,.,.,.,.,.,.,.,.,.,6.8,6.6,6.7,94,97.8,95.9,7,6.8,6.93,747,35,0,1994,340,9.00,0,2,.,2,.,.,.,.,.,.,.,.,0.77,0.15,0.92,.,21.6,.,.,.,.,.,.,.,.,.,.,.,.,21.6,.,.,.,.,.,.,37.1,21.5,24.2,-0.05,-0.05,-0.29,0.07,.,0.159436031,.,0.159436031,.,.,.,.,.,.,.,.,.,.,.,.,.,.,.,.,.,6.8,6.6,6.7,94,97.8,95.9,7,6.8,6.93,1091,35,1,1994,340,9.00,0,2,.,2,.,.,.,.,.,.,.,.,0.97,0.15,1.12,.,22.3,.,.,.,.,.,.,.,.,.,.,.,.,22.3,.,.,.,.,.,.,32,21.9,26.2,0.11,0.2,0.11,0.05,.,0.15043561,.,0.15043561,.,.,.,.,.,.,.,.,.,.,.,.,.,.,.,.,.,6.8,6.6,6.7,94,97.8,95.9,7,6.8,6.93,1236,35,0,1994,340,9.00,0,2,.,2,.,.,.,.,.,.,.,.,0.64,0.15,0.79,.,22.3,.,.,.,.,.,.,.,.,.,.,.,.,22.3,.,.,.,.,.,.,32.2,22.1,23.8,-0.07,-0.07,-0.37,0.08,.,0.15043561,.,0.15043561,.,.,.,.,.,.,.,.,.,.,.,.,.,.,.,.,.,6.8,6.6,6.7,94,97.8,95.9,7,6.8,6.93,1499,45,1,1994,340,9.00,0,2,.,2,.,.,.,.,.,.,.,.,1,0.15,1.15,.,22.3,.,.,.,.,.,.,.,.,.,.,.,.,22.3,.,.,.,.,.,.,32.2,21.9,26.4,0.14,0.25,0.15,0.05,.,0.15043561,.,0.15043561,.,.,.,.,.,.,.,.,.,.,.,.,.,.,.,.,.,6.8,6.6,6.7,94,97.8,95.9,7,6.8,6.93,1674,25,1,1994,340,9.00,0,2,.,2,.,.,.,.,.,.,.,.,0.75,0.15,0.9,.,22.3,.,.,.,.,.,.,.,.,.,.,.,.,22.3,.,.,.,.,.,.,32,22.1,24.6,-0.03,-0.03,-0.19,0.06,.,0.15043561,.,0.15043561,.,.,.,.,.,.,.,.,.,.,.,.,.,.,.,.,.,6.8,6.6,6.7,94,97.8,95.9,7,6.8,6.93,1758,45,1,1994,340,9.00,0,2,.,2,.,.,.,.,.,.,.,.,0.63,0.15,0.78,.,22.3,.,.,.,.,.,.,.,.,.,.,.,.,22.3,.,.,.,.,.,.,32,22.1,23.7,-0.07,-0.07,-0.39,0.08,.,0.15043561,.,0.15043561,.,.,.,.,.,.,.,.,.,.,.,.,.,.,.,.,.,6.8,6.6,6.7,94,97.8,95.9,7,6.8,6.93,1810,25,1,1994,340,9.00,1,2,.,2,.,.,.,.,.,.,.,.,0.92,0.15,1.07,.,23.8,.,.,.,.,.,.,.,.,.,.,.,.,23.8,.,.,.,.,.,.,30,23.2,27,0.3,0.45,0.36,0.08,.,0.131148993,.,0.131148993,.,.,.,.,.,.,.,.,.,.,.,.,.,.,.,.,.,6.8,6.6,6.7,94,97.8,95.9,7,6.8,6.92,45,35,1,1994,340,10.00,0,2,.,2,.,.,.,.,.,.,.,.,0.62,0.15,0.77,.,23.2,.,.,.,.,.,.,.,.,.,.,.,.,23.2,.,.,.,.,.,.,27.7,22.9,24.5,-0.04,-0.04,-0.2,0.06,.,0.13886364,.,0.13886364,.,.,.,.,.,.,.,.,.,.,.,.,.,.,.,.,.,6.8,6.7,6.75,94,97.4,95.7,7,6.9,6.953,685,35,0,1994,340,10.00,0,2,.,2,.,.,.,.,.,.,.,.,0.64,0.15,0.79,.,21.6,.,.,.,.,.,.,.,.,.,.,.,.,21.6,.,.,.,.,.,.,36,21.4,23.2,-0.1,-0.1,-0.52,0.11,.,0.159436031,.,0.159436031,.,.,.,.,.,.,.,.,.,.,.,.,.,.,.,.,.,6.8,6.7,6.75,94,97.4,95.7,7,6.9,6.953,897,35,0,1994,340,10.00,0,2,.,2,.,.,.,.,.,.,.,.,0.62,0.15,0.77,.,22.7,.,.,.,.,.,.,.,.,.,.,.,.,22.7,.,.,.,.,.,.,32.1,22.5,24,-0.06,-0.06,-0.31,0.07,.,0.145292512,.,0.145292512,.,.,.,.,.,.,.,.,.,.,.,.,.,.,.,.,.,6.8,6.7,6.75,94,97.4,95.7,7,6.9,6.953,971,25,1,1994,340,10.00,0,2,.,2,.,.,.,.,.,.,.,.,1.07,0.15,1.22,.,22.7,.,.,.,.,.,.,.,.,.,.,.,.,22.7,.,.,.,.,.,.,32.1,22.2,27.2,0.29,0.47,0.31,0.07,.,0.145292512,.,0.145292512,.,.,.,.,.,.,.,.,.,.,.,.,.,.,.,.,.,6.8,6.7,6.75,94,97.4,95.7,7,6.9,6.951,56,45,0,1994,340,14.00,1,2,.,1,.,.,.,.,.,.,.,.,0.96,0.15,1.11,.,23.4,.,.,.,.,.,.,.,.,.,.,.,.,23.4,.,.,.,.,.,.,30.8,22.8,27,0.28,0.44,0.33,0.07,.,0.136292091,.,0.136292091,.,.,.,.,.,.,.,.,.,.,.,.,.,.,.,.,.,6.8,7.1,6.95,94,94.1,94.05,7,7.3,7.151,225,45,0,1994,340,14.00,1,2,.,2,.,.,.,.,.,.,.,.,0.98,0.15,1.13,.,23.4,.,.,.,.,.,.,.,.,.,.,.,.,23.4,.,.,.,.,.,.,30.8,22.8,27.1,0.3,0.47,0.35,0.08,.,0.136292091,.,0.136292091,.,.,.,.,.,.,.,.,.,.,.,.,.,.,.,.,.,6.8,7.1,6.95,94,94.1,94.05,7,7.3,7.151,422,45,0,1994,340,14.00,0,2,.,2,.,.,.,.,.,.,.,.,0.66,0.15,0.81,.,23.4,.,.,.,.,.,.,.,.,.,.,.,.,23.4,.,.,.,.,.,.,30.8,23.1,25,-0.02,-0.02,-0.07,0.05,.,0.136292091,.,0.136292091,.,.,.,.,.,.,.,.,.,.,.,.,.,.,.,.,.,6.8,7.1,6.95,94,94.1,94.05,7,7.3,7.152,113,25,1,1994,340,14.00,0,2,.,2,.,.,.,.,.,.,.,.,0.46,0.15,0.61,.,23.2,.,.,.,.,.,.,.,.,.,.,.,.,23.2,.,.,.,.,.,.,27.4,22.9,23.2,-0.1,-0.1,-0.51,0.11,.,0.13886364,.,0.13886364,.,.,.,.,.,.,.,.,.,.,.,.,.,.,.,.,.,6.8,7.1,6.95,94,94.1,94.05,7,7.3,7.152,259,35,1,1994,340,14.00,.,.,.,.,.,.,.,.,.,.,.,.,0.76,0.15,0.91,.,23.2,.,.,.,.,.,.,.,.,.,.,.,.,23.2,.,.,.,.,.,.,27.4,22.8,25.4,0,0,0.01,0.05,.,0.13886364,.,0.13886364,.,.,.,.,.,.,.,.,.,.,.,.,.,.,.,.,.,6.8,7.1,6.95,94,94.1,94.05,7,7.3,7.152,699,45,0,1994,340,14.00,-1,2,.,3,.,.,.,.,.,.,.,.,0.51,0.15,0.66,.,23.2,.,.,.,.,.,.,.,.,.,.,.,.,23.2,.,.,.,.,.,.,27.4,22.9,23.6,-0.08,-0.08,-0.41,0.09,.,0.13886364,.,0.13886364,.,.,.,.,.,.,.,.,.,.,.,.,.,.,.,.,.,6.8,7.1,6.95,94,94.1,94.05,7,7.3,7.152,784,55,0,1994,340,14.00,0,2,.,2,.,.,.,.,.,.,.,.,0.62,0.15,0.77,.,23.2,.,.,.,.,.,.,.,.,.,.,.,.,23.2,.,.,.,.,.,.,27.4,22.9,24.4,-0.04,-0.04,-0.21,0.06,.,0.13886364,.,0.13886364,.,.,.,.,.,.,.,.,.,.,.,.,.,.,.,.,.,6.8,7.1,6.95,94,94.1,94.05,7,7.3,7.153,686,35,0,1994,340,14.00,-1,2,.,3,.,.,.,.,.,.,.,.,0.64,0.15,0.79,.,22,.,.,.,.,.,.,.,.,.,.,.,.,22,.,.,.,.,.,.,34.5,21.8,23.6,-0.08,-0.08,-0.43,0.09,.,0.154292933,.,0.154292933,.,.,.,.,.,.,.,.,.,.,.,.,.,.,.,.,.,6.8,7.1,6.95,94,94.1,94.05,7,7.3,7.153,748,35,0,1994,340,14.00,.,.,.,.,.,.,.,.,.,.,.,.,0.77,0.15,0.92,.,22,.,.,.,.,.,.,.,.,.,.,.,.,22,.,.,.,.,.,.,34.5,21.8,24.5,-0.04,-0.04,-0.21,0.06,.,0.154292933,.,0.154292933,.,.,.,.,.,.,.,.,.,.,.,.,.,.,.,.,.,6.8,7.1,6.95,94,94.1,94.05,7,7.3,7.153,1184,45,1,1994,340,14.00,0,2,.,2,.,.,.,.,.,.,.,.,0.85,0.15,1,.,23,.,.,.,.,.,.,.,.,.,.,.,.,23,.,.,.,.,.,.,31.2,22.6,25.9,0.08,0.14,0.11,0.05,.,0.141435189,.,0.141435189,.,.,.,.,.,.,.,.,.,.,.,.,.,.,.,.,.,6.8,7.1,6.95,94,94.1,94.05,7,7.3,7.153,1369,25,1,1994,340,14.00,0,2,.,2,.,.,.,.,.,.,.,.,0.73,0.15,0.88,.,23,.,.,.,.,.,.,.,.,.,.,.,.,23,.,.,.,.,.,.,31.2,22.7,25.1,-0.01,-0.01,-0.06,0.05,.,0.141435189,.,0.141435189,.,.,.,.,.,.,.,.,.,.,.,.,.,.,.,.,.,6.8,7.1,6.95,94,94.1,94.05,7,7.3,7.153,1429,45,0,1994,340,14.00,-1,2,.,3,.,.,.,.,.,.,.,.,1.04,0.15,1.19,.,22.7,.,.,.,.,.,.,.,.,.,.,.,.,22.7,.,.,.,.,.,.,31.1,22.2,26.9,0.25,0.41,0.27,0.07,.,0.145292512,.,0.145292512,.,.,.,.,.,.,.,.,.,.,.,.,.,.,.,.,.,6.8,7.1,6.95,94,94.1,94.05,7,7.3,7.153,1500,45,1,1994,340,14.00,1,2,.,1,.,.,.,.,.,.,.,.,1,0.15,1.15,.,23,.,.,.,.,.,.,.,.,.,.,.,.,23,.,.,.,.,.,.,31.2,22.5,26.9,0.26,0.41,0.29,0.07,.,0.141435189,.,0.141435189,.,.,.,.,.,.,.,.,.,.,.,.,.,.,.,.,.,6.8,7.1,6.95,94,94.1,94.05,7,7.3,7.153,1675,25,1,1994,340,14.00,0,2,.,2,.,.,.,.,.,.,.,.,0.75,0.15,0.9,.,22.3,.,.,.,.,.,.,.,.,.,.,.,.,22.3,.,.,.,.,.,.,31,22.1,24.6,-0.03,-0.03,-0.19,0.06,.,0.15043561,.,0.15043561,.,.,.,.,.,.,.,.,.,.,.,.,.,.,.,.,.,6.8,7.1,6.95,94,94.1,94.05,7,7.3,7.153,1811,25,1,1994,340,14.00,1,2,.,2,.,.,.,.,.,.,.,.,0.92,0.15,1.07,.,23.8,.,.,.,.,.,.,.,.,.,.,.,.,23.8,.,.,.,.,.,.,29.5,23.2,27,0.3,0.45,0.36,0.08,.,0.131148993,.,0.131148993,.,.,.,.,.,.,.,.,.,.,.,.,.,.,.,.,.,6.8,7.1,6.95,94,94.1,94.05,7,7.3,7.154,51,35,1,1994,340,14.00,0,2,.,2,.,.,.,.,.,.,.,.,0.23,0.15,0.38,.,23.4,.,.,.,.,.,.,.,.,.,.,.,.,23.4,.,.,.,.,.,.,29.7,23.1,21.5,-0.2,-0.2,-0.99,0.26,.,0.136292091,.,0.136292091,.,.,.,.,.,.,.,.,.,.,.,.,.,.,.,.,.,6.8,7.1,6.95,94,94.1,94.05,7,7.3,7.151,161,35,0,1994,340,15.00,1,2,.,2,.,.,.,.,.,.,.,.,0.7,0.15,0.85,.,23.8,.,.,.,.,.,.,.,.,.,.,.,.,23.8,.,.,.,.,.,.,30.8,23.4,25.6,0.02,0.06,0.09,0.05,.,0.131148993,.,0.131148993,.,.,.,.,.,.,.,.,.,.,.,.,.,.,.,.,.,6.8,6.8,6.8,94,94,94,7,7,72,466,55,1,1994,340,15.00,0,2,.,2,.,.,.,.,.,.,.,.,1.08,0.15,1.23,.,23.2,.,.,.,.,.,.,.,.,.,.,.,.,23.2,.,.,.,.,.,.,27,22.5,27.5,0.36,0.56,0.39,0.08,.,0.13886364,.,0.13886364,.,.,.,.,.,.,.,.,.,.,.,.,.,.,.,.,.,6.8,6.8,6.8,94,94,94,7,7,73,192,.,.,1994,340,15.00,2,1,.,2,.,.,.,.,.,.,.,.,0.67,0.15,0.82,.,22.3,.,.,.,.,.,.,.,.,.,.,.,.,22.3,.,.,.,.,.,.,29.9,22.1,24,-0.06,-0.06,-0.33,0.07,.,0.15043561,.,0.15043561,.,.,.,.,.,.,.,.,.,.,.,.,.,.,.,.,.,6.8,6.8,6.8,94,94,94,7,7,73,1759,45,1,1994,340,15.00,2,1,.,3,.,.,.,.,.,.,.,.,0.63,0.15,0.78,.,22.3,.,.,.,.,.,.,.,.,.,.,.,.,22.3,.,.,.,.,.,.,30.4,22.1,23.7,-0.07,-0.07,-0.4,0.08,.,0.15043561,.,0.15043561,.,.,.,.,.,.,.,.,.,.,.,.,.,.,.,.,.,6.8,6.8,6.8,94,94,94,7,7,71,108,45,0,1994,341,10.00,0,2,.,2,.,.,.,.,.,.,.,.,0.62,0.15,0.77,.,22.3,.,.,.,.,.,.,.,.,.,.,.,.,22.3,.,.,.,.,.,.,19.9,21.9,23.5,-0.09,-0.09,-0.48,0.1,.,0.15043561,.,0.15043561,.,.,.,.,.,.,.,.,.,.,.,.,.,.,.,.,.,-3.9,-4.4,-4.15,57.4,68.6,63,-3.9,-4.4,-4.151,372,35,0,1994,341,10.00,-1,2,.,3,.,.,.,.,.,.,.,.,1.04,0.15,1.19,.,22.3,.,.,.,.,.,.,.,.,.,.,.,.,22.3,.,.,.,.,.,.,19.9,21.6,26.4,0.15,0.25,0.12,0.05,.,0.15043561,.,0.15043561,.,.,.,.,.,.,.,.,.,.,.,.,.,.,.,.,.,-3.9,-4.4,-4.15,57.4,68.6,63,-3.9,-4.4,-4.151,629,35,0,1994,341,10.00,-1,2,.,2,.,.,.,.,.,.,.,.,0.62,0.15,0.77,.,22.3,.,.,.,.,.,.,.,.,.,.,.,.,22.3,.,.,.,.,.,.,19.9,21.9,23.5,-0.09,-0.09,-0.48,0.1,.,0.15043561,.,0.15043561,.,.,.,.,.,.,.,.,.,.,.,.,.,.,.,.,.,-3.9,-4.4,-4.15,57.4,68.6,63,-3.9,-4.4,-4.152,114,25,1,1994,341,10.00,-1,2,.,3,.,.,.,.,.,.,.,.,0.42,0.15,0.57,.,23.2,.,.,.,.,.,.,.,.,.,.,.,.,23.2,.,.,.,.,.,.,10.7,22.7,22.7,-0.13,-0.13,-0.7,0.15,.,0.13886364,.,0.13886364,.,.,.,.,.,.,.,.,.,.,.,.,.,.,.,.,.,-3.9,-4.4,-4.15,57.4,68.6,63,-4,-4.4,-4.22,467,55,1,1994,341,10.00,-1,2,.,2,.,.,.,.,.,.,.,.,1.08,0.15,1.23,.,23.2,.,.,.,.,.,.,.,.,.,.,.,.,23.2,.,.,.,.,.,.,10.7,22.1,27.1,0.3,0.44,0.28,0.07,.,0.13886364,.,0.13886364,.,.,.,.,.,.,.,.,.,.,.,.,.,.,.,.,.,-3.9,-4.4,-4.15,57.4,68.6,63,-3.9,-4.4,-4.152,626,45,0,1994,341,10.00,-1,2,.,3,.,.,.,.,.,.,.,.,0.8,0.15,0.95,.,23.2,.,.,.,.,.,.,.,.,.,.,.,.,23.2,.,.,.,.,.,.,10.7,22.5,25.4,0,0,-0.04,0.05,.,0.13886364,.,0.13886364,.,.,.,.,.,.,.,.,.,.,.,.,.,.,.,.,.,-3.9,-4.4,-4.15,57.4,68.6,63,-3.9,-4.4,-4.153,250,35,0,1994,341,10.00,0,2,.,2,.,.,.,.,.,.,.,.,0.83,0.15,0.98,.,21.6,.,.,.,.,.,.,.,.,.,.,.,.,21.6,.,.,.,.,.,.,34.4,21.4,24.6,-0.03,-0.03,-0.21,0.06,.,0.159436031,.,0.159436031,.,.,.,.,.,.,.,.,.,.,.,.,.,.,.,.,.,-3.9,-4.4,-4.15,57.4,68.6,63,-3.9,-4.4,-4.153,749,35,0,1994,341,10.00,1,2,.,1,.,.,.,.,.,.,.,.,0.96,0.15,1.11,.,21.3,.,.,.,.,.,.,.,.,.,.,.,.,21.3,.,.,.,.,.,.,39.7,21.1,25.4,-0.01,-0.01,-0.06,0.05,.,0.163293354,.,0.163293354,.,.,.,.,.,.,.,.,.,.,.,.,.,.,.,.,.,-3.9,-4.4,-4.15,57.4,68.6,63,-3.9,-4.4,-4.153,1042,25,0,1994,341,10.00,0,2,.,2,.,.,.,.,.,.,.,.,0.62,0.15,0.77,.,21.6,.,.,.,.,.,.,.,.,.,.,.,.,21.6,.,.,.,.,.,.,34.4,21.4,23,-0.11,-0.11,-0.57,0.12,.,0.159436031,.,0.159436031,.,.,.,.,.,.,.,.,.,.,.,.,.,.,.,.,.,-3.9,-4.4,-4.15,57.4,68.6,63,-3.9,-4.4,-4.153,1093,35,1,1994,341,10.00,-1,2,.,2,.,.,.,.,.,.,.,.,1.05,0.15,1.2,.,22.3,.,.,.,.,.,.,.,.,.,.,.,.,22.3,.,.,.,.,.,.,26.2,21.7,26.6,0.18,0.3,0.17,0.06,.,0.15043561,.,0.15043561,.,.,.,.,.,.,.,.,.,.,.,.,.,.,.,.,.,-3.9,-4.4,-4.15,57.4,68.6,63,-3.9,-4.4,-4.153,1139,.,.,1994,341,10.00,0,2,.,2,.,.,.,.,.,.,.,.,0.93,0.15,1.08,.,22,.,.,.,.,.,.,.,.,.,.,.,.,22,.,.,.,.,.,.,29.6,21.6,25.6,0,0,-0.01,0.05,.,0.154292933,.,0.154292933,.,.,.,.,.,.,.,.,.,.,.,.,.,.,.,.,.,-3.9,-4.4,-4.15,57.4,68.6,63,-3.9,-4.4,-4.153,1676,25,1,1994,341,10.00,1,2,.,2,.,.,.,.,.,.,.,.,1.09,0.15,1.24,.,22.3,.,.,.,.,.,.,.,.,.,.,.,.,22.3,.,.,.,.,.,.,26.2,21.7,26.8,0.22,0.37,0.21,0.06,.,0.15043561,.,0.15043561,.,.,.,.,.,.,.,.,.,.,.,.,.,.,.,.,.,-3.9,-4.4,-4.15,57.4,68.6,63,-3.9,-4.4,-4.153,1760,45,1,1994,341,10.00,0,2,.,2,.,.,.,.,.,.,.,.,0.63,0.15,0.78,.,22.3,.,.,.,.,.,.,.,.,.,.,.,.,22.3,.,.,.,.,.,.,26.2,22,23.7,-0.08,-0.08,-0.43,0.09,.,0.15043561,.,0.15043561,.,.,.,.,.,.,.,.,.,.,.,.,.,.,.,.,.,-3.9,-4.4,-4.15,57.4,68.6,63,-3.9,-4.4,-4.153,1812,25,1,1994,341,10.00,-1,2,.,3,.,.,.,.,.,.,.,.,0.86,0.15,1.01,.,23.4,.,.,.,.,.,.,.,.,.,.,.,.,23.4,.,.,.,.,.,.,24.4,22.8,26.2,0.14,0.21,0.16,0.06,.,0.136292091,.,0.136292091,.,.,.,.,.,.,.,.,.,.,.,.,.,.,.,.,.,-3.9,-4.4,-4.15,57.4,68.6,63,-3.9,-4.4,-4.151,57,45,0,1994,341,11.00,-2,1,.,3,.,.,.,.,.,.,.,.,0.64,0.15,0.79,.,22.3,.,.,.,.,.,.,.,.,.,.,.,.,22.3,.,.,.,.,.,.,17.4,21.9,23.6,-0.08,-0.08,-0.46,0.09,.,0.15043561,.,0.15043561,.,.,.,.,.,.,.,.,.,.,.,.,.,.,.,.,.,-3.9,-4.4,-4.15,57.4,67.2,62.3,-3.9,-4.4,-4.151,423,45,0,1994,341,11.00,0,2,.,2,.,.,.,.,.,.,.,.,0.66,0.15,0.81,.,22.3,.,.,.,.,.,.,.,.,.,.,.,.,22.3,.,.,.,.,.,.,17.4,21.9,23.8,-0.08,-0.08,-0.43,0.09,.,0.15043561,.,0.15043561,.,.,.,.,.,.,.,.,.,.,.,.,.,.,.,.,.,-3.9,-4.4,-4.15,57.4,67.2,62.3,-3.9,-4.4,-4.151,495,45,0,1994,341,11.00,0,2,.,2,.,.,.,.,.,.,.,.,0.72,0.15,0.87,.,22.3,.,.,.,.,.,.,.,.,.,.,.,.,22.3,.,.,.,.,.,.,17.4,21.9,24.2,-0.05,-0.05,-0.33,0.07,.,0.15043561,.,0.15043561,.,.,.,.,.,.,.,.,.,.,.,.,.,.,.,.,.,-3.9,-4.4,-4.15,57.4,67.2,62.3,-3.9,-4.4,-4.151,571,35,0,1994,341,11.00,0,2,.,2,.,.,.,.,.,.,.,.,0.62,0.15,0.77,.,22.3,.,.,.,.,.,.,.,.,.,.,.,.,22.3,.,.,.,.,.,.,17.4,21.9,23.5,-0.09,-0.09,-0.5,0.1,.,0.15043561,.,0.15043561,.,.,.,.,.,.,.,.,.,.,.,.,.,.,.,.,.,-3.9,-4.4,-4.15,57.4,67.2,62.3,-3.9,-4.4,-4.152,401,35,1,1994,341,11.00,0,2,.,2,.,.,.,.,.,.,.,.,0.75,0.15,0.9,.,23.2,.,.,.,.,.,.,.,.,.,.,.,.,23.2,.,.,.,.,.,.,10.7,22.6,25.2,-0.01,-0.01,-0.11,0.05,.,0.13886364,.,0.13886364,.,.,.,.,.,.,.,.,.,.,.,.,.,.,.,.,.,-3.9,-4.4,-4.15,57.4,67.2,62.3,-3.9,-4.4,-4.152,700,45,0,1994,341,11.00,-1,2,.,3,.,.,.,.,.,.,.,.,0.64,0.15,0.79,.,23.2,.,.,.,.,.,.,.,.,.,.,.,.,23.2,.,.,.,.,.,.,10.7,22.7,24.4,-0.05,-0.05,-0.28,0.07,.,0.13886364,.,0.13886364,.,.,.,.,.,.,.,.,.,.,.,.,.,.,.,.,.,-3.9,-4.4,-4.15,57.4,67.2,62.3,-3.9,-4.4,-4.153,193,.,.,1994,341,11.00,2,1,.,2,.,.,.,.,.,.,.,.,0.63,0.15,0.78,.,22.3,.,.,.,.,.,.,.,.,.,.,.,.,22.3,.,.,.,.,.,.,26.2,22,23.7,-0.08,-0.08,-0.43,0.09,.,0.15043561,.,0.15043561,.,.,.,.,.,.,.,.,.,.,.,.,.,.,.,.,.,-3.9,-4.4,-4.15,57.4,67.2,62.3,-3.9,-4.4,-4.153,571,45,0,1994,341,11.00,0,2,.,2,.,.,.,.,.,.,.,.,1.06,0.15,1.21,.,21.6,.,.,.,.,.,.,.,.,.,.,.,.,21.6,.,.,.,.,.,.,39.7,21.4,26.3,0.12,0.24,0.12,0.05,.,0.159436031,.,0.159436031,.,.,.,.,.,.,.,.,.,.,.,.,.,.,.,.,.,-3.9,-4.4,-4.15,57.4,67.2,62.3,-3.9,-4.4,-4.153,972,25,1,1994,341,11.00,0,2,.,2,.,.,.,.,.,.,.,.,0.84,0.15,0.99,.,22.3,.,.,.,.,.,.,.,.,.,.,.,.,22.3,.,.,.,.,.,.,36.3,22.1,25.3,-0.01,-0.01,-0.03,0.05,.,0.15043561,.,0.15043561,.,.,.,.,.,.,.,.,.,.,.,.,.,.,.,.,.,-3.9,-4.4,-4.15,57.4,67.2,62.3,-3.9,-4.4,-4.153,1185,45,1,1994,341,11.00,-1,2,.,2,.,.,.,.,.,.,.,.,0.72,0.15,0.87,.,22.3,.,.,.,.,.,.,.,.,.,.,.,.,22.3,.,.,.,.,.,.,29.1,22.1,24.4,-0.04,-0.04,-0.25,0.06,.,0.15043561,.,0.15043561,.,.,.,.,.,.,.,.,.,.,.,.,.,.,.,.,.,-3.9,-4.4,-4.15,57.4,67.2,62.3,-3.9,-4.4,-4.153,1501,45,1,1994,341,11.00,-1,2,.,3,.,.,.,.,.,.,.,.,0.56,0.15,0.71,.,22.3,.,.,.,.,.,.,.,.,.,.,.,.,22.3,.,.,.,.,.,.,29.1,22.1,23.2,-0.1,-0.1,-0.54,0.11,.,0.15043561,.,0.15043561,.,.,.,.,.,.,.,.,.,.,.,.,.,.,.,.,.,-3.9,-4.4,-4.15,57.4,67.2,62.3,-3.9,-4.4,-4.154,52,35,1,1994,341,11.00,0,2,.,2,.,.,.,.,.,.,.,.,0.76,0.15,0.91,.,23,.,.,.,.,.,.,.,.,.,.,.,.,23,.,.,.,.,.,.,16.9,22.5,25.1,-0.01,-0.01,-0.1,0.05,.,0.141435189,.,0.141435189,.,.,.,.,.,.,.,.,.,.,.,.,.,.,.,.,.,-3.9,-4.4,-4.15,57.4,67.2,62.3,-3.9,-4.4,-4.151,373,35,0,1994,341,15.00,0,2,.,3,.,.,.,.,.,.,.,.,0.7,0.15,0.85,.,22.3,.,.,.,.,.,.,.,.,.,.,.,.,22.3,.,.,.,.,.,.,15,21.9,24.1,-0.06,-0.06,-0.37,0.08,.,0.15043561,.,0.15043561,.,.,.,.,.,.,.,.,.,.,.,.,.,.,.,.,.,-3.9,-3.9,-3.9,57.4,57.4,57.4,-3.9,-3.9,-3.91,424,45,0,1994,341,15.00,0,2,.,2,.,.,.,.,.,.,.,.,0.66,0.15,0.81,.,22.3,.,.,.,.,.,.,.,.,.,.,.,.,22.3,.,.,.,.,.,.,15,21.9,23.8,-0.08,-0.08,-0.44,0.09,.,0.15043561,.,0.15043561,.,.,.,.,.,.,.,.,.,.,.,.,.,.,.,.,.,-3.9,-3.9,-3.9,57.4,57.4,57.4,-3.9,-3.9,-3.91,630,35,0,1994,341,15.00,-1,2,.,2,.,.,.,.,.,.,.,.,0.62,0.15,0.77,.,22.3,.,.,.,.,.,.,.,.,.,.,.,.,22.3,.,.,.,.,.,.,15,21.9,23.5,-0.09,-0.09,-0.51,0.1,.,0.15043561,.,0.15043561,.,.,.,.,.,.,.,.,.,.,.,.,.,.,.,.,.,-3.9,-3.9,-3.9,57.4,57.4,57.4,-3.9,-3.9,-3.92,115,25,1,1994,341,15.00,0,2,.,2,.,.,.,.,.,.,.,.,0.42,0.15,0.57,.,23.2,.,.,.,.,.,.,.,.,.,.,.,.,23.2,.,.,.,.,.,.,10.7,22.7,22.7,-0.13,-0.13,-0.7,0.15,.,0.13886364,.,0.13886364,.,.,.,.,.,.,.,.,.,.,.,.,.,.,.,.,.,-3.9,0,-1.95,57.4,-2.2,27.6,-4,-0.2,-2.12,524,45,1,1994,341,15.00,0,2,.,2,.,.,.,.,.,.,.,.,0.75,0.15,0.9,.,23.2,.,.,.,.,.,.,.,.,.,.,.,.,23.2,.,.,.,.,.,.,10.7,22.6,25.2,-0.01,-0.01,-0.11,0.05,.,0.13886364,.,0.13886364,.,.,.,.,.,.,.,.,.,.,.,.,.,.,.,.,.,-3.9,0,-1.95,57.4,-2.2,27.6,-3.9,-0.2,-2.053,572,45,0,1994,341,15.00,0,2,.,2,.,.,.,.,.,.,.,.,1.06,0.15,1.21,.,22,.,.,.,.,.,.,.,.,.,.,.,.,22,.,.,.,.,.,.,38.2,21.7,26.7,0.19,0.33,0.19,0.06,.,0.154292933,.,0.154292933,.,.,.,.,.,.,.,.,.,.,.,.,.,.,.,.,.,-3.9,0,-1.95,57.4,-2.2,27.6,-3.9,-0.2,-2.053,620,55,0,1994,341,15.00,-1,2,.,2,.,.,.,.,.,.,.,.,1.06,0.15,1.21,.,22,.,.,.,.,.,.,.,.,.,.,.,.,22,.,.,.,.,.,.,38.2,21.7,26.7,0.19,0.33,0.19,0.06,.,0.154292933,.,0.154292933,.,.,.,.,.,.,.,.,.,.,.,.,.,.,.,.,.,-3.9,0,-1.95,57.4,-2.2,27.6,-3.9,-0.2,-2.053,687,35,0,1994,341,15.00,-1,2,.,2,.,.,.,.,.,.,.,.,0.64,0.15,0.79,.,22,.,.,.,.,.,.,.,.,.,.,.,.,22,.,.,.,.,.,.,38.2,21.9,23.6,-0.08,-0.08,-0.41,0.09,.,0.154292933,.,0.154292933,.,.,.,.,.,.,.,.,.,.,.,.,.,.,.,.,.,-3.9,0,-1.95,57.4,-2.2,27.6,-3.9,-0.2,-2.053,750,35,0,1994,341,15.00,1,2,.,1,.,.,.,.,.,.,.,.,0.96,0.15,1.11,.,22,.,.,.,.,.,.,.,.,.,.,.,.,22,.,.,.,.,.,.,38.2,21.7,26,0.06,0.14,0.07,0.05,.,0.154292933,.,0.154292933,.,.,.,.,.,.,.,.,.,.,.,.,.,.,.,.,.,-3.9,0,-1.95,57.4,-2.2,27.6,-3.9,-0.2,-2.053,1186,45,1,1994,341,15.00,0,2,.,2,.,.,.,.,.,.,.,.,0.8,0.15,0.95,.,23,.,.,.,.,.,.,.,.,.,.,.,.,23,.,.,.,.,.,.,25.6,22.6,25.5,0,0,0.01,0.05,.,0.141435189,.,0.141435189,.,.,.,.,.,.,.,.,.,.,.,.,.,.,.,.,.,-3.9,0,-1.95,57.4,-2.2,27.6,-3.9,-0.2,-2.053,1677,25,1,1994,341,15.00,1,2,.,2,.,.,.,.,.,.,.,.,1.09,0.15,1.24,.,22.3,.,.,.,.,.,.,.,.,.,.,.,.,22.3,.,.,.,.,.,.,22.7,21.6,26.8,0.21,0.35,0.2,0.06,.,0.15043561,.,0.15043561,.,.,.,.,.,.,.,.,.,.,.,.,.,.,.,.,.,-3.9,0,-1.95,57.4,-2.2,27.6,-3.9,-0.2,-2.053,1813,25,1,1994,341,15.00,1,2,.,2,.,.,.,.,.,.,.,.,0.52,0.15,0.67,.,23.8,.,.,.,.,.,.,.,.,.,.,.,.,23.8,.,.,.,.,.,.,22.4,23.4,24.2,-0.05,-0.05,-0.26,0.06,.,0.131148993,.,0.131148993,.,.,.,.,.,.,.,.,.,.,.,.,.,.,.,.,.,-3.9,0,-1.95,57.4,-2.2,27.6,-3.9,-0.2,-2.053,2011,25,1,1994,341,15.00,1,2,.,1,.,.,.,.,.,.,.,.,0.58,0.15,0.73,.,22.3,.,.,.,.,.,.,.,.,.,.,.,.,22.3,.,.,.,.,.,.,27.2,22,23.3,-0.1,-0.1,-0.51,0.1,.,0.15043561,.,0.15043561,.,.,.,.,.,.,.,.,.,.,.,.,.,.,.,.,.,-3.9,0,-1.95,57.4,-2.2,27.6,-3.9,-0.2,-2.052,786,55,0,1994,341,16.00,0,2,.,2,.,.,.,.,.,.,.,.,0.62,0.15,0.77,.,23.2,.,.,.,.,.,.,.,.,.,.,.,.,23.2,.,.,.,.,.,.,10.7,22.7,24.3,-0.05,-0.05,-0.31,0.07,.,0.13886364,.,0.13886364,.,.,.,.,.,.,.,.,.,.,.,.,.,.,.,.,.,-3.9,-4.4,-4.15,57.4,59.8,58.6,-3.9,-4.4,-4.153,1140,.,.,1994,341,16.00,0,2,.,2,.,.,.,.,.,.,.,.,0.93,0.15,1.08,.,22.7,.,.,.,.,.,.,.,.,.,.,.,.,22.7,.,.,.,.,.,.,25.1,22.1,26.1,0.1,0.18,0.11,0.05,.,0.145292512,.,0.145292512,.,.,.,.,.,.,.,.,.,.,.,.,.,.,.,.,.,-3.9,-4.4,-4.15,57.4,59.8,58.6,-3.9,-4.4,-4.153,1573,.,.,1994,341,16.00,0,2,.,2,.,.,.,.,.,.,.,.,1.06,0.15,1.21,.,23.8,.,.,.,.,.,.,.,.,.,.,.,.,23.8,.,.,.,.,.,.,22.4,22.9,27.7,0.41,0.62,0.45,0.09,.,0.131148993,.,0.131148993,.,.,.,.,.,.,.,.,.,.,.,.,.,.,.,.,.,-3.9,-4.4,-4.15,57.4,59.8,58.6,-3.9,-4.4,-4.151,162,35,0,1994,342,11.00,0,2,.,2,.,.,.,.,.,.,.,.,0.99,0.15,1.14,.,22,.,.,.,.,.,.,.,.,.,.,.,.,22,.,.,.,.,.,.,14.5,21.3,25.7,0,0.05,-0.03,0.05,.,0.154292933,.,0.154292933,.,.,.,.,.,.,.,.,.,.,.,.,.,.,.,.,.,-2.2,-4.3,-3.25,60,66.6,63.3,-2.2,-4.3,-3.251,227,45,0,1994,342,11.00,0,2,.,2,.,.,.,.,.,.,.,.,0.64,0.15,0.79,.,22,.,.,.,.,.,.,.,.,.,.,.,.,22,.,.,.,.,.,.,14.5,21.6,23.3,-0.1,-0.1,-0.55,0.11,.,0.154292933,.,0.154292933,.,.,.,.,.,.,.,.,.,.,.,.,.,.,.,.,.,-2.2,-4.3,-3.25,60,66.6,63.3,-2.2,-4.3,-3.251,301,45,1,1994,342,11.00,-2,1,.,2,.,.,.,.,.,.,.,.,0.48,0.15,0.63,.,22,.,.,.,.,.,.,.,.,.,.,.,.,22,.,.,.,.,.,.,14.5,21.6,22,-0.17,-0.17,-0.88,0.21,.,0.154292933,.,0.154292933,.,.,.,.,.,.,.,.,.,.,.,.,.,.,.,.,.,-2.2,-4.3,-3.25,60,66.6,63.3,-2.2,-4.3,-3.251,374,35,0,1994,342,11.00,-1,2,.,2,.,.,.,.,.,.,.,.,1.04,0.15,1.19,.,22,.,.,.,.,.,.,.,.,.,.,.,.,22,.,.,.,.,.,.,14.5,21.3,26.1,0.07,0.14,0.03,0.05,.,0.154292933,.,0.154292933,.,.,.,.,.,.,.,.,.,.,.,.,.,.,.,.,.,-2.2,-4.3,-3.25,60,66.6,63.3,-2.2,-4.3,-3.251,631,35,0,1994,342,11.00,0,2,.,3,.,.,.,.,.,.,.,.,0.62,0.15,0.77,.,22,.,.,.,.,.,.,.,.,.,.,.,.,22,.,.,.,.,.,.,14.5,21.6,23.2,-0.11,-0.11,-0.59,0.12,.,0.154292933,.,0.154292933,.,.,.,.,.,.,.,.,.,.,.,.,.,.,.,.,.,-2.2,-4.3,-3.25,60,66.6,63.3,-2.2,-4.3,-3.252,48,35,1,1994,342,11.00,-1,2,.,3,.,.,.,.,.,.,.,.,0.62,0.15,0.77,.,23.2,.,.,.,.,.,.,.,.,.,.,.,.,23.2,.,.,.,.,.,.,10.7,22.7,24.3,-0.05,-0.05,-0.31,0.07,.,0.13886364,.,0.13886364,.,.,.,.,.,.,.,.,.,.,.,.,.,.,.,.,.,-2.2,-4.3,-3.25,60,66.6,63.3,-2.2,-4.3,-3.252,116,25,1,1994,342,11.00,0,2,.,2,.,.,.,.,.,.,.,.,0.67,0.15,0.82,.,23.2,.,.,.,.,.,.,.,.,.,.,.,.,23.2,.,.,.,.,.,.,10.7,22.7,24.6,-0.04,-0.04,-0.23,0.06,.,0.13886364,.,0.13886364,.,.,.,.,.,.,.,.,.,.,.,.,.,.,.,.,.,-2.2,-4.3,-3.25,60,66.6,63.3,-2.2,-4.3,-3.252,332,45,1,1994,342,11.00,0,2,.,2,.,.,.,.,.,.,.,.,1.01,0.15,1.16,.,23.2,.,.,.,.,.,.,.,.,.,.,.,.,23.2,.,.,.,.,.,.,10.7,22.2,26.7,0.23,0.33,0.21,0.06,.,0.13886364,.,0.13886364,.,.,.,.,.,.,.,.,.,.,.,.,.,.,.,.,.,-2.2,-4.3,-3.25,60,66.6,63.3,-2.2,-4.3,-3.252,403,35,1,1994,342,11.00,0,2,.,2,.,.,.,.,.,.,.,.,0.73,0.15,0.88,.,23.2,.,.,.,.,.,.,.,.,.,.,.,.,23.2,.,.,.,.,.,.,10.7,22.7,25,-0.02,-0.02,-0.14,0.05,.,0.13886364,.,0.13886364,.,.,.,.,.,.,.,.,.,.,.,.,.,.,.,.,.,-2.2,-4.3,-3.25,60,66.6,63.3,-2.2,-4.3,-3.252,627,45,0,1994,342,11.00,0,2,.,2,.,.,.,.,.,.,.,.,0.8,0.15,0.95,.,23.2,.,.,.,.,.,.,.,.,.,.,.,.,23.2,.,.,.,.,.,.,10.7,22.5,25.4,0,0,-0.04,0.05,.,0.13886364,.,0.13886364,.,.,.,.,.,.,.,.,.,.,.,.,.,.,.,.,.,-2.2,-4.3,-3.25,60,66.6,63.3,-2.2,-4.3,-3.253,573,45,0,1994,342,11.00,0,2,.,.,.,.,.,.,.,.,.,.,1.4,0.15,1.55,.,20.9,.,.,.,.,.,.,.,.,.,.,.,.,20.9,.,.,.,.,.,.,41.3,20.6,28,0.36,0.7,0.35,0.07,.,0.168436452,.,0.168436452,.,.,.,.,.,.,.,.,.,.,.,.,.,.,.,.,.,-2.2,-4.3,-3.25,60,66.6,63.3,-2.2,-4.3,-3.253,688,35,0,1994,342,11.00,-1,2,.,3,.,.,.,.,.,.,.,.,0.74,0.15,0.89,.,20.9,.,.,.,.,.,.,.,.,.,.,.,.,20.9,.,.,.,.,.,.,41.3,20.8,23.4,-0.09,-0.09,-0.48,0.1,.,0.168436452,.,0.168436452,.,.,.,.,.,.,.,.,.,.,.,.,.,.,.,.,.,-2.2,-4.3,-3.25,60,66.6,63.3,-2.2,-4.3,-3.253,751,35,0,1994,342,11.00,0,2,.,2,.,.,.,.,.,.,.,.,1.06,0.15,1.21,.,20.9,.,.,.,.,.,.,.,.,.,.,.,.,20.9,.,.,.,.,.,.,41.3,20.7,25.7,0,0,-0.01,0.05,.,0.168436452,.,0.168436452,.,.,.,.,.,.,.,.,.,.,.,.,.,.,.,.,.,-2.2,-4.3,-3.25,60,66.6,63.3,-2.2,-4.3,-3.253,1430,45,0,1994,342,11.00,-2,1,.,3,.,.,.,.,.,.,.,.,1.04,0.15,1.19,.,22,.,.,.,.,.,.,.,.,.,.,.,.,22,.,.,.,.,.,.,37.4,21.7,26.5,0.16,0.29,0.16,0.06,.,0.154292933,.,0.154292933,.,.,.,.,.,.,.,.,.,.,.,.,.,.,.,.,.,-2.2,-4.3,-3.25,60,66.6,63.3,-2.2,-4.3,-3.253,1814,25,1,1994,342,11.00,0,2,.,2,.,.,.,.,.,.,.,.,0.58,0.15,0.73,.,24.1,.,.,.,.,.,.,.,.,.,.,.,.,24.1,.,.,.,.,.,.,22.9,23.7,24.9,-0.02,-0.02,-0.07,0.05,.,0.12729167,.,0.12729167,.,.,.,.,.,.,.,.,.,.,.,.,.,.,.,.,.,-2.2,-4.3,-3.25,60,66.6,63.3,-2.2,-4.3,-3.252,191,45,1,1994,342,12.00,0,2,.,3,.,.,.,.,.,.,.,.,1.08,0.15,1.23,.,23.2,.,.,.,.,.,.,.,.,.,.,.,.,23.2,.,.,.,.,.,.,10.7,22.1,27.1,0.3,0.44,0.28,0.07,.,0.13886364,.,0.13886364,.,.,.,.,.,.,.,.,.,.,.,.,.,.,.,.,.,-2.2,-3,-2.6,60,62.1,61.05,-2.2,-3,-2.62,701,45,0,1994,342,12.00,0,2,.,2,.,.,.,.,.,.,.,.,0.64,0.15,0.79,.,23.2,.,.,.,.,.,.,.,.,.,.,.,.,23.2,.,.,.,.,.,.,10.7,22.7,24.4,-0.05,-0.05,-0.28,0.07,.,0.13886364,.,0.13886364,.,.,.,.,.,.,.,.,.,.,.,.,.,.,.,.,.,-2.2,-3,-2.6,60,62.1,61.05,-2.2,-3,-2.62,787,55,0,1994,342,12.00,0,2,.,2,.,.,.,.,.,.,.,.,0.7,0.15,0.85,.,23.2,.,.,.,.,.,.,.,.,.,.,.,.,23.2,.,.,.,.,.,.,10.7,22.7,24.8,-0.03,-0.03,-0.18,0.06,.,0.13886364,.,0.13886364,.,.,.,.,.,.,.,.,.,.,.,.,.,.,.,.,.,-2.2,-3,-2.6,60,62.1,61.05,-2.2,-3,-2.63,290,45,0,1994,342,12.00,-1,2,.,2,.,.,.,.,.,.,.,.,0.62,0.15,0.77,.,23,.,.,.,.,.,.,.,.,.,.,.,.,23,.,.,.,.,.,.,24.2,22.7,24.2,-0.05,-0.05,-0.28,0.07,.,0.141435189,.,0.141435189,.,.,.,.,.,.,.,.,.,.,.,.,.,.,.,.,.,-2.2,-3,-2.6,60,62.1,61.05,-2.2,-3,-2.63,1237,35,0,1994,342,12.00,0,2,.,2,.,.,.,.,.,.,.,.,0.98,0.15,1.13,.,23,.,.,.,.,.,.,.,.,.,.,.,.,23,.,.,.,.,.,.,27.6,22.4,26.7,0.22,0.36,0.25,0.06,.,0.141435189,.,0.141435189,.,.,.,.,.,.,.,.,.,.,.,.,.,.,.,.,.,-2.2,-3,-2.6,60,62.1,61.05,-2.2,-3,-2.63,1502,45,1,1994,342,12.00,1,2,.,1,.,.,.,.,.,.,.,.,0.87,0.15,1.02,.,23,.,.,.,.,.,.,.,.,.,.,.,.,23,.,.,.,.,.,.,27.6,22.5,26,0.09,0.16,0.12,0.05,.,0.141435189,.,0.141435189,.,.,.,.,.,.,.,.,.,.,.,.,.,.,.,.,.,-2.2,-3,-2.6,60,62.1,61.05,-2.2,-3,-2.63,1855,65,0,1994,342,12.00,1,2,.,2,.,.,.,.,.,.,.,.,0.64,0.15,0.79,.,23,.,.,.,.,.,.,.,.,.,.,.,.,23,.,.,.,.,.,.,27.6,22.7,24.4,-0.04,-0.04,-0.22,0.06,.,0.141435189,.,0.141435189,.,.,.,.,.,.,.,.,.,.,.,.,.,.,.,.,.,-2.2,-3,-2.6,60,62.1,61.05,-2.2,-3,-2.63,2012,25,1,1994,342,12.00,2,1,.,1,.,.,.,.,.,.,.,.,0.66,0.15,0.81,.,24.5,.,.,.,.,.,.,.,.,.,.,.,.,24.5,.,.,.,.,.,.,26.3,24,25.8,0.08,0.13,0.17,0.06,.,0.122148572,.,0.122148572,.,.,.,.,.,.,.,.,.,.,.,.,.,.,.,.,.,-2.2,-3,-2.6,60,62.1,61.05,-2.2,-3,-2.63,1761,45,1,1994,342,13.00,0,2,.,2,.,.,.,.,.,.,.,.,0.63,0.15,0.78,.,23,.,.,.,.,.,.,.,.,.,.,.,.,23,.,.,.,.,.,.,22.7,22.7,24.3,-0.05,-0.05,-0.27,0.07,.,0.141435189,.,0.141435189,.,.,.,.,.,.,.,.,.,.,.,.,.,.,.,.,.,-2.2,-2.2,-2.2,60,60,60,-2.2,-2.2,-2.22,333,45,1,1994,342,16.00,0,2,.,2,.,.,.,.,.,.,.,.,1.01,0.15,1.16,.,23.2,.,.,.,.,.,.,.,.,.,.,.,.,23.2,.,.,.,.,.,.,10.7,22.2,26.7,0.23,0.33,0.21,0.06,.,0.13886364,.,0.13886364,.,.,.,.,.,.,.,.,.,.,.,.,.,.,.,.,.,-2.2,-1.5,-1.85,60,61.2,60.6,-2.2,-1.5,-1.852,788,55,0,1994,342,16.00,0,2,.,2,.,.,.,.,.,.,.,.,0.7,0.15,0.85,.,23.2,.,.,.,.,.,.,.,.,.,.,.,.,23.2,.,.,.,.,.,.,10.7,22.7,24.8,-0.03,-0.03,-0.18,0.06,.,0.13886364,.,0.13886364,.,.,.,.,.,.,.,.,.,.,.,.,.,.,.,.,.,-2.2,-1.5,-1.85,60,61.2,60.6,-2.2,-1.5,-1.853,752,35,0,1994,342,16.00,0,2,.,2,.,.,.,.,.,.,.,.,1.06,0.15,1.21,.,21.6,.,.,.,.,.,.,.,.,.,.,.,.,21.6,.,.,.,.,.,.,38.2,21.3,26.3,0.12,0.23,0.11,0.05,.,0.159436031,.,0.159436031,.,.,.,.,.,.,.,.,.,.,.,.,.,.,.,.,.,-2.2,-1.5,-1.85,60,61.2,60.6,-2.2,-1.5,-1.853,1188,45,1,1994,342,16.00,0,2,.,2,.,.,.,.,.,.,.,.,1.01,0.15,1.16,.,23,.,.,.,.,.,.,.,.,.,.,.,.,23,.,.,.,.,.,.,24.6,22.3,26.9,0.25,0.39,0.26,0.06,.,0.141435189,.,0.141435189,.,.,.,.,.,.,.,.,.,.,.,.,.,.,.,.,.,-2.2,-1.5,-1.85,60,61.2,60.6,-2.2,-1.5,-1.853,1238,35,0,1994,342,16.00,0,2,.,2,.,.,.,.,.,.,.,.,0.98,0.15,1.13,.,23,.,.,.,.,.,.,.,.,.,.,.,.,23,.,.,.,.,.,.,24.6,22.3,26.7,0.21,0.34,0.23,0.06,.,0.141435189,.,0.141435189,.,.,.,.,.,.,.,.,.,.,.,.,.,.,.,.,.,-2.2,-1.5,-1.85,60,61.2,60.6,-2.2,-1.5,-1.853,1431,45,0,1994,342,16.00,0,2,.,2,.,.,.,.,.,.,.,.,1.04,0.15,1.19,.,22.7,.,.,.,.,.,.,.,.,.,.,.,.,22.7,.,.,.,.,.,.,33.2,22.2,27,0.26,0.43,0.28,0.07,.,0.145292512,.,0.145292512,.,.,.,.,.,.,.,.,.,.,.,.,.,.,.,.,.,-2.2,-1.5,-1.85,60,61.2,60.6,-2.2,-1.5,-1.853,1815,25,1,1994,342,16.00,0,2,.,2,.,.,.,.,.,.,.,.,0.58,0.15,0.73,.,23.8,.,.,.,.,.,.,.,.,.,.,.,.,23.8,.,.,.,.,.,.,22.4,23.4,24.7,-0.03,-0.03,-0.16,0.06,.,0.131148993,.,0.131148993,.,.,.,.,.,.,.,.,.,.,.,.,.,.,.,.,.,-2.2,-1.5,-1.85,60,61.2,60.6,-2.2,-1.5,-1.853,574,45,0,1994,342,17.00,0,2,.,2,.,.,.,.,.,.,.,.,1.06,0.15,1.21,.,20.9,.,.,.,.,.,.,.,.,.,.,.,.,20.9,.,.,.,.,.,.,39.1,20.7,25.7,0,0,-0.02,0.05,.,0.168436452,.,0.168436452,.,.,.,.,.,.,.,.,.,.,.,.,.,.,.,.,.,-2.2,-2.8,-2.5,60,69.1,64.55,-2.2,-2.8,-2.53,1044,25,0,1994,342,17.00,-1,2,.,2,.,.,.,.,.,.,.,.,0.7,0.15,0.85,.,22,.,.,.,.,.,.,.,.,.,.,.,.,22,.,.,.,.,.,.,29.7,21.8,24,-0.06,-0.06,-0.35,0.08,.,0.154292933,.,0.154292933,.,.,.,.,.,.,.,.,.,.,.,.,.,.,.,.,.,-2.2,-2.8,-2.5,60,69.1,64.55,-2.2,-2.8,-2.52,117,25,1,1994,343,12.00,-1,2,.,3,.,.,.,.,.,.,.,.,0.67,0.15,0.82,.,23.2,.,.,.,.,.,.,.,.,.,.,.,.,23.2,.,.,.,.,.,.,10.7,22.7,24.6,-0.04,-0.04,-0.23,0.06,.,0.13886364,.,0.13886364,.,.,.,.,.,.,.,.,.,.,.,.,.,.,.,.,.,-4.2,-4.7,-4.45,90.4,91.6,91,-4.2,-4.7,-4.452,192,45,1,1994,343,12.00,0,2,.,3,.,.,.,.,.,.,.,.,1.19,0.15,1.34,.,23.2,.,.,.,.,.,.,.,.,.,.,.,.,23.2,.,.,.,.,.,.,10.7,21.9,27.7,0.4,0.61,0.39,0.08,.,0.13886364,.,0.13886364,.,.,.,.,.,.,.,.,.,.,.,.,.,.,.,.,.,-4.2,-4.7,-4.45,90.4,91.6,91,-4.2,-4.7,-4.452,702,45,0,1994,343,12.00,0,2,.,2,.,.,.,.,.,.,.,.,0.62,0.15,0.77,.,23.2,.,.,.,.,.,.,.,.,.,.,.,.,23.2,.,.,.,.,.,.,10.7,22.7,24.3,-0.05,-0.05,-0.31,0.07,.,0.13886364,.,0.13886364,.,.,.,.,.,.,.,.,.,.,.,.,.,.,.,.,.,-4.2,-4.7,-4.45,90.4,91.6,91,-4.2,-4.7,-4.453,357,35,0,1994,343,12.00,1,2,.,2,.,.,.,.,.,.,.,.,0.96,0.15,1.11,.,21.3,.,.,.,.,.,.,.,.,.,.,.,.,21.3,.,.,.,.,.,.,35.5,21.1,25.3,-0.01,-0.01,-0.08,0.05,.,0.163293354,.,0.163293354,.,.,.,.,.,.,.,.,.,.,.,.,.,.,.,.,.,-4.2,-4.7,-4.45,90.4,91.6,91,-4.2,-4.7,-4.453,689,35,0,1994,343,12.00,-1,2,.,3,.,.,.,.,.,.,.,.,0.7,0.15,0.85,.,22,.,.,.,.,.,.,.,.,.,.,.,.,22,.,.,.,.,.,.,38.7,21.9,24.1,-0.05,-0.05,-0.3,0.07,.,0.154292933,.,0.154292933,.,.,.,.,.,.,.,.,.,.,.,.,.,.,.,.,.,-4.2,-4.7,-4.45,90.4,91.6,91,-4.2,-4.7,-4.453,1239,35,0,1994,343,12.00,-1,2,.,2,.,.,.,.,.,.,.,.,0.96,0.15,1.11,.,22.7,.,.,.,.,.,.,.,.,.,.,.,.,22.7,.,.,.,.,.,.,30.2,22.2,26.4,0.16,0.27,0.17,0.06,.,0.145292512,.,0.145292512,.,.,.,.,.,.,.,.,.,.,.,.,.,.,.,.,.,-4.2,-4.7,-4.45,90.4,91.6,91,-4.2,-4.7,-4.453,1856,65,0,1994,343,12.00,0,2,.,2,.,.,.,.,.,.,.,.,0.64,0.15,0.79,.,22.7,.,.,.,.,.,.,.,.,.,.,.,.,22.7,.,.,.,.,.,.,30.2,22.5,24.2,-0.05,-0.05,-0.28,0.07,.,0.145292512,.,0.145292512,.,.,.,.,.,.,.,.,.,.,.,.,.,.,.,.,.,-4.2,-4.7,-4.45,90.4,91.6,91,-4.2,-4.7,-4.454,54,35,1,1994,343,12.00,-1,2,.,3,.,.,.,.,.,.,.,.,0.76,0.15,0.91,.,23,.,.,.,.,.,.,.,.,.,.,.,.,23,.,.,.,.,.,.,14.2,22.5,25.1,-0.02,-0.02,-0.12,0.05,.,0.141435189,.,0.141435189,.,.,.,.,.,.,.,.,.,.,.,.,.,.,.,.,.,-4.2,-4.7,-4.45,90.4,91.6,91,-4.2,-4.7,-4.451,497,45,0,1994,343,13.00,0,2,.,2,.,.,.,.,.,.,.,.,0.72,0.15,0.87,.,22,.,.,.,.,.,.,.,.,.,.,.,.,22,.,.,.,.,.,.,15.5,21.6,24,-0.07,-0.07,-0.4,0.08,.,0.154292933,.,0.154292933,.,.,.,.,.,.,.,.,.,.,.,.,.,.,.,.,.,-4.2,-4.2,-4.2,90.4,90.4,90.4,-4.2,-4.2,-4.22,526,45,1,1994,343,13.00,0,2,.,2,.,.,.,.,.,.,.,.,0.91,0.15,1.06,.,23.2,.,.,.,.,.,.,.,.,.,.,.,.,23.2,.,.,.,.,.,.,10.7,22.3,26.1,0.11,0.17,0.1,0.05,.,0.13886364,.,0.13886364,.,.,.,.,.,.,.,.,.,.,.,.,.,.,.,.,.,-4.2,-4.2,-4.2,90.4,90.4,90.4,-4.2,-4.2,-4.22,628,45,0,1994,343,13.00,0,2,.,2,.,.,.,.,.,.,.,.,0.8,0.15,0.95,.,23.2,.,.,.,.,.,.,.,.,.,.,.,.,23.2,.,.,.,.,.,.,10.7,22.5,25.4,0,0,-0.04,0.05,.,0.13886364,.,0.13886364,.,.,.,.,.,.,.,.,.,.,.,.,.,.,.,.,.,-4.2,-4.2,-4.2,90.4,90.4,90.4,-4.2,-4.2,-4.23,411,45,0,1994,343,13.00,-1,2,.,3,.,.,.,.,.,.,.,.,1.06,0.15,1.21,.,23.8,.,.,.,.,.,.,.,.,.,.,.,.,23.8,.,.,.,.,.,.,23.9,22.9,27.7,0.41,0.63,0.47,0.1,.,0.131148993,.,0.131148993,.,.,.,.,.,.,.,.,.,.,.,.,.,.,.,.,.,-4.2,-4.2,-4.2,90.4,90.4,90.4,-4.2,-4.2,-4.23,252,35,0,1994,343,17.00,0,2,.,2,.,.,.,.,.,.,.,.,0.51,0.15,0.66,.,21.3,.,.,.,.,.,.,.,.,.,.,.,.,21.3,.,.,.,.,.,.,35.5,21.1,21.8,-0.17,-0.17,-0.87,0.21,.,0.163293354,.,0.163293354,.,.,.,.,.,.,.,.,.,.,.,.,.,.,.,.,.,-4.2,-3.2,-3.7,90.4,94.2,92.3,-4.2,-3.2,-3.71,59,45,0,1994,346,13.00,0,2,.,2,.,.,.,.,.,.,.,.,1.14,0.15,1.29,.,22,.,.,.,.,.,.,.,.,.,.,.,.,22,.,.,.,.,.,.,9.1,21,26.6,0.17,0.28,0.11,0.05,.,0.154292933,.,0.154292933,.,.,.,.,.,.,.,.,.,.,.,.,.,.,.,.,.,-11.5,-13,-12.25,44.2,49.7,46.95,-11.6,-13.1,-12.351,164,35,0,1994,346,13.00,1,2,.,3,.,.,.,.,.,.,.,.,0.96,0.15,1.11,.,22,.,.,.,.,.,.,.,.,.,.,.,.,22,.,.,.,.,.,.,9.1,21.3,25.5,-0.01,-0.01,-0.1,0.05,.,0.154292933,.,0.154292933,.,.,.,.,.,.,.,.,.,.,.,.,.,.,.,.,.,-11.5,-13,-12.25,44.2,49.7,46.95,-11.6,-13.1,-12.351,633,35,0,1994,346,13.00,0,2,.,2,.,.,.,.,.,.,.,.,0.74,0.15,0.89,.,22,.,.,.,.,.,.,.,.,.,.,.,.,22,.,.,.,.,.,.,9.1,21.5,24,-0.07,-0.07,-0.41,0.08,.,0.154292933,.,0.154292933,.,.,.,.,.,.,.,.,.,.,.,.,.,.,.,.,.,-11.5,-13,-12.25,44.2,49.7,46.95,-11.6,-13.1,-12.352,629,45,0,1994,346,13.00,1,2,.,2,.,.,.,.,.,.,.,.,1.06,0.15,1.21,.,22.8,.,.,.,.,.,.,.,.,.,.,.,.,22.8,.,.,.,.,.,.,10.9,21.8,26.7,0.22,0.33,0.19,0.06,.,0.144006738,.,0.144006738,.,.,.,.,.,.,.,.,.,.,.,.,.,.,.,.,.,-11.5,-13,-12.25,44.2,49.7,46.95,-11.6,-13.1,-12.353,1504,45,1,1994,346,13.00,1,2,.,1,.,.,.,.,.,.,.,.,0.58,0.15,0.73,.,22.3,.,.,.,.,.,.,.,.,.,.,.,.,22.3,.,.,.,.,.,.,26.6,22,23.3,-0.1,-0.1,-0.51,0.1,.,0.15043561,.,0.15043561,.,.,.,.,.,.,.,.,.,.,.,.,.,.,.,.,.,-11.5,-13,-12.25,44.2,49.7,46.95,-11.6,-13.1,-12.353,1679,25,1,1994,346,13.00,0,2,.,2,.,.,.,.,.,.,.,.,0.97,0.15,1.12,.,22.3,.,.,.,.,.,.,.,.,.,.,.,.,22.3,.,.,.,.,.,.,23.7,21.7,26,0.08,0.15,0.07,0.05,.,0.15043561,.,0.15043561,.,.,.,.,.,.,.,.,.,.,.,.,.,.,.,.,.,-11.5,-13,-12.25,44.2,49.7,46.95,-11.6,-13.1,-12.354,55,35,1,1994,346,13.00,0,2,.,2,.,.,.,.,.,.,.,.,0.67,0.15,0.82,.,23.8,.,.,.,.,.,.,.,.,.,.,.,.,23.8,.,.,.,.,.,.,8.2,23.2,25.1,-0.02,-0.02,-0.11,0.05,.,0.131148993,.,0.131148993,.,.,.,.,.,.,.,.,.,.,.,.,.,.,.,.,.,-11.5,-13,-12.25,44.2,49.7,46.95,-11.6,-13.1,-12.352,118,25,1,1994,346,14.00,-1,2,.,3,.,.,.,.,.,.,.,.,0.46,0.15,0.61,.,22.8,.,.,.,.,.,.,.,.,.,.,.,.,22.8,.,.,.,.,.,.,10.9,22.3,22.6,-0.14,-0.14,-0.73,0.16,.,0.144006738,.,0.144006738,.,.,.,.,.,.,.,.,.,.,.,.,.,.,.,.,.,-11.5,-11.5,-11.5,44.2,44.2,44.2,-11.6,-11.6,-11.63,690,35,0,1994,346,14.00,2,1,.,1,.,.,.,.,.,.,.,.,0.64,0.15,0.79,.,21.6,.,.,.,.,.,.,.,.,.,.,.,.,21.6,.,.,.,.,.,.,38.2,21.5,23.2,-0.1,-0.1,-0.51,0.1,.,0.159436031,.,0.159436031,.,.,.,.,.,.,.,.,.,.,.,.,.,.,.,.,.,-11.5,-11.5,-11.5,44.2,44.2,44.2,-11.6,-11.6,-11.63,975,25,1,1994,346,14.00,2,1,.,1,.,.,.,.,.,.,.,.,0.97,0.15,1.12,.,23,.,.,.,.,.,.,.,.,.,.,.,.,23,.,.,.,.,.,.,33.8,22.6,26.8,0.24,0.38,0.27,0.07,.,0.141435189,.,0.141435189,.,.,.,.,.,.,.,.,.,.,.,.,.,.,.,.,.,-11.5,-11.5,-11.5,44.2,44.2,44.2,-11.6,-11.6,-11.63,1045,25,0,1994,346,14.00,1,2,.,2,.,.,.,.,.,.,.,.,0.62,0.15,0.77,.,23.4,.,.,.,.,.,.,.,.,.,.,.,.,23.4,.,.,.,.,.,.,28.8,23.1,24.7,-0.03,-0.03,-0.15,0.05,.,0.136292091,.,0.136292091,.,.,.,.,.,.,.,.,.,.,.,.,.,.,.,.,.,-11.5,-11.5,-11.5,44.2,44.2,44.2,-11.6,-11.6,-11.63,1574,.,.,1994,346,14.00,0,2,.,2,.,.,.,.,.,.,.,.,1.06,0.15,1.21,.,23.8,.,.,.,.,.,.,.,.,.,.,.,.,23.8,.,.,.,.,.,.,20.9,22.8,27.7,0.4,0.61,0.45,0.09,.,0.131148993,.,0.131148993,.,.,.,.,.,.,.,.,.,.,.,.,.,.,.,.,.,-11.5,-11.5,-11.5,44.2,44.2,44.2,-11.6,-11.6,-11.63,1817,25,1,1994,346,14.00,0,2,.,2,.,.,.,.,.,.,.,.,1.24,0.15,1.39,.,23.8,.,.,.,.,.,.,.,.,.,.,.,.,23.8,.,.,.,.,.,.,20.9,22.6,28.7,0.56,0.89,0.6,0.13,.,0.131148993,.,0.131148993,.,.,.,.,.,.,.,.,.,.,.,.,.,.,.,.,.,-11.5,-11.5,-11.5,44.2,44.2,44.2,-11.6,-11.6,-11.62,262,35,1,1994,346,17.00,0,2,.,2,.,.,.,.,.,.,.,.,0.58,0.15,0.73,.,23.2,.,.,.,.,.,.,.,.,.,.,.,.,23.2,.,.,.,.,.,.,10.7,22.7,23.9,-0.07,-0.07,-0.38,0.08,.,0.13886364,.,0.13886364,.,.,.,.,.,.,.,.,.,.,.,.,.,.,.,.,.,-11.5,-13.3,-12.4,44.2,60.3,52.25,-11.6,-13.4,-12.53,56,35,0,1994,346,17.00,0,2,.,2,.,.,.,.,.,.,.,.,0.96,0.15,1.11,.,22,.,.,.,.,.,.,.,.,.,.,.,.,22,.,.,.,.,.,.,36.3,21.7,25.9,0.05,0.12,0.06,0.05,.,0.154292933,.,0.154292933,.,.,.,.,.,.,.,.,.,.,.,.,.,.,.,.,.,-11.5,-13.3,-12.4,44.2,60.3,52.25,-11.6,-13.4,-12.53,121,.,.,1994,346,17.00,-2,1,.,3,.,.,.,.,.,.,.,.,1.06,0.15,1.21,.,22,.,.,.,.,.,.,.,.,.,.,.,.,22,.,.,.,.,.,.,25.1,21.4,26.4,0.14,0.24,0.12,0.05,.,0.154292933,.,0.154292933,.,.,.,.,.,.,.,.,.,.,.,.,.,.,.,.,.,-11.5,-13.3,-12.4,44.2,60.3,52.25,-11.6,-13.4,-12.53,1301,25,1,1994,346,17.00,0,2,.,3,.,.,.,.,.,.,.,.,0.75,0.15,0.9,.,22.3,.,.,.,.,.,.,.,.,.,.,.,.,22.3,.,.,.,.,.,.,24.6,22,24.5,-0.04,-0.04,-0.23,0.06,.,0.15043561,.,0.15043561,.,.,.,.,.,.,.,.,.,.,.,.,.,.,.,.,.,-11.5,-13.3,-12.4,44.2,60.3,52.25,-11.6,-13.4,-12.53,1432,45,0,1994,346,17.00,0,2,.,2,.,.,.,.,.,.,.,.,1.04,0.15,1.19,.,22,.,.,.,.,.,.,.,.,.,.,.,.,22,.,.,.,.,.,.,36.3,21.7,26.5,0.16,0.28,0.16,0.06,.,0.154292933,.,0.154292933,.,.,.,.,.,.,.,.,.,.,.,.,.,.,.,.,.,-11.5,-13.3,-12.4,44.2,60.3,52.25,-11.6,-13.4,-12.53,1818,25,1,1994,346,17.00,0,2,.,2,.,.,.,.,.,.,.,.,1.24,0.15,1.39,.,23,.,.,.,.,.,.,.,.,.,.,.,.,23,.,.,.,.,.,.,21.9,22,28.2,0.45,0.74,0.47,0.1,.,0.141435189,.,0.141435189,.,.,.,.,.,.,.,.,.,.,.,.,.,.,.,.,.,-11.5,-13.3,-12.4,44.2,60.3,52.25,-11.6,-13.4,-12.51,428,45,0,1994,347,12.00,0,2,.,2,.,.,.,.,.,.,.,.,0.66,0.15,0.81,.,22,.,.,.,.,.,.,.,.,.,.,.,.,22,.,.,.,.,.,.,9.1,21.5,23.4,-0.1,-0.1,-0.54,0.11,.,0.154292933,.,0.154292933,.,.,.,.,.,.,.,.,.,.,.,.,.,.,.,.,.,-10.1,-11.5,-10.8,51.4,55.5,53.45,-10.2,-11.6,-10.91,634,35,0,1994,347,12.00,0,2,.,2,.,.,.,.,.,.,.,.,0.66,0.15,0.81,.,22,.,.,.,.,.,.,.,.,.,.,.,.,22,.,.,.,.,.,.,9.1,21.5,23.4,-0.1,-0.1,-0.54,0.11,.,0.154292933,.,0.154292933,.,.,.,.,.,.,.,.,.,.,.,.,.,.,.,.,.,-10.1,-11.5,-10.8,51.4,55.5,53.45,-10.2,-11.6,-10.93,691,35,0,1994,347,12.00,-1,2,.,2,.,.,.,.,.,.,.,.,0.74,0.15,0.89,.,20.9,.,.,.,.,.,.,.,.,.,.,.,.,20.9,.,.,.,.,.,.,41.8,20.8,23.4,-0.09,-0.09,-0.48,0.1,.,0.168436452,.,0.168436452,.,.,.,.,.,.,.,.,.,.,.,.,.,.,.,.,.,-10.1,-11.5,-10.8,51.4,55.5,53.45,-10.2,-11.6,-10.93,1241,35,0,1994,347,12.00,-1,2,.,2,.,.,.,.,.,.,.,.,0.64,0.15,0.79,.,22.7,.,.,.,.,.,.,.,.,.,.,.,.,22.7,.,.,.,.,.,.,26.1,22.4,24.1,-0.06,-0.06,-0.31,0.07,.,0.145292512,.,0.145292512,.,.,.,.,.,.,.,.,.,.,.,.,.,.,.,.,.,-10.1,-11.5,-10.8,51.4,55.5,53.45,-10.2,-11.6,-10.93,1374,25,1,1994,347,12.00,1,2,.,2,.,.,.,.,.,.,.,.,1.02,0.15,1.17,.,22.7,.,.,.,.,.,.,.,.,.,.,.,.,22.7,.,.,.,.,.,.,26.1,22.1,26.7,0.21,0.34,0.22,0.06,.,0.145292512,.,0.145292512,.,.,.,.,.,.,.,.,.,.,.,.,.,.,.,.,.,-10.1,-11.5,-10.8,51.4,55.5,53.45,-10.2,-11.6,-10.93,1680,25,1,1994,347,12.00,0,2,.,2,.,.,.,.,.,.,.,.,0.92,0.15,1.07,.,22.3,.,.,.,.,.,.,.,.,.,.,.,.,22.3,.,.,.,.,.,.,23.7,21.8,25.7,0,0.05,0,0.05,.,0.15043561,.,0.15043561,.,.,.,.,.,.,.,.,.,.,.,.,.,.,.,.,.,-10.1,-11.5,-10.8,51.4,55.5,53.45,-10.2,-11.6,-10.91,165,35,0,1994,347,13.00,0,2,.,2,.,.,.,.,.,.,.,.,0.7,0.15,0.85,.,22,.,.,.,.,.,.,.,.,.,.,.,.,22,.,.,.,.,.,.,9.1,21.5,23.7,-0.08,-0.08,-0.48,0.1,.,0.154292933,.,0.154292933,.,.,.,.,.,.,.,.,.,.,.,.,.,.,.,.,.,-10.1,-10.1,-10.1,51.4,51.4,51.4,-10.2,-10.2,-10.21,304,45,1,1994,347,13.00,0,2,.,2,.,.,.,.,.,.,.,.,0.76,0.15,0.91,.,22,.,.,.,.,.,.,.,.,.,.,.,.,22,.,.,.,.,.,.,9.1,21.5,24.2,-0.06,-0.06,-0.38,0.08,.,0.154292933,.,0.154292933,.,.,.,.,.,.,.,.,.,.,.,.,.,.,.,.,.,-10.1,-10.1,-10.1,51.4,51.4,51.4,-10.2,-10.2,-10.23,360,45,0,1994,347,13.00,2,1,.,2,.,.,.,.,.,.,.,.,0.57,0.15,0.72,.,23.8,.,.,.,.,.,.,.,.,.,.,.,.,23.8,.,.,.,.,.,.,26.3,23.5,24.6,-0.03,-0.03,-0.15,0.05,.,0.131148993,.,0.131148993,.,.,.,.,.,.,.,.,.,.,.,.,.,.,.,.,.,-10.1,-10.1,-10.1,51.4,51.4,51.4,-10.2,-10.2,-10.23,977,25,1,1994,347,13.00,0,2,.,2,.,.,.,.,.,.,.,.,0.97,0.15,1.12,.,22.7,.,.,.,.,.,.,.,.,.,.,.,.,22.7,.,.,.,.,.,.,35.8,22.3,26.6,0.19,0.33,0.22,0.06,.,0.145292512,.,0.145292512,.,.,.,.,.,.,.,.,.,.,.,.,.,.,.,.,.,-10.1,-10.1,-10.1,51.4,51.4,51.4,-10.2,-10.2,-10.23,1190,45,1,1994,347,13.00,0,2,.,2,.,.,.,.,.,.,.,.,0.85,0.15,1,.,23,.,.,.,.,.,.,.,.,.,.,.,.,23,.,.,.,.,.,.,25.6,22.5,25.8,0.05,0.11,0.08,0.05,.,0.141435189,.,0.141435189,.,.,.,.,.,.,.,.,.,.,.,.,.,.,.,.,.,-10.1,-10.1,-10.1,51.4,51.4,51.4,-10.2,-10.2,-10.23,1302,25,1,1994,347,13.00,1,2,.,3,.,.,.,.,.,.,.,.,0.67,0.15,0.82,.,23,.,.,.,.,.,.,.,.,.,.,.,.,23,.,.,.,.,.,.,25.6,22.7,24.6,-0.03,-0.03,-0.18,0.06,.,0.141435189,.,0.141435189,.,.,.,.,.,.,.,.,.,.,.,.,.,.,.,.,.,-10.1,-10.1,-10.1,51.4,51.4,51.4,-10.2,-10.2,-10.23,1433,45,0,1994,347,13.00,-2,1,.,3,.,.,.,.,.,.,.,.,1.04,0.15,1.19,.,22.7,.,.,.,.,.,.,.,.,.,.,.,.,22.7,.,.,.,.,.,.,35.8,22.3,27.1,0.27,0.45,0.3,0.07,.,0.145292512,.,0.145292512,.,.,.,.,.,.,.,.,.,.,.,.,.,.,.,.,.,-10.1,-10.1,-10.1,51.4,51.4,51.4,-10.2,-10.2,-10.24,56,35,1,1994,347,13.00,0,2,.,2,.,.,.,.,.,.,.,.,0.62,0.15,0.77,.,23.8,.,.,.,.,.,.,.,.,.,.,.,.,23.8,.,.,.,.,.,.,7.4,23.3,24.8,-0.03,-0.03,-0.19,0.06,.,0.131148993,.,0.131148993,.,.,.,.,.,.,.,.,.,.,.,.,.,.,.,.,.,-10.1,-10.1,-10.1,51.4,51.4,51.4,-10.2,-10.2,-10.21,499,45,0,1994,348,10.00,-2,1,.,3,.,.,.,.,.,.,.,.,1.06,0.15,1.21,.,21.6,.,.,.,.,.,.,.,.,.,.,.,.,21.6,.,.,.,.,.,.,10.4,20.9,25.8,0.01,0.06,-0.05,0.05,.,0.159436031,.,0.159436031,.,.,.,.,.,.,.,.,.,.,.,.,.,.,.,.,.,-6.9,-9.4,-8.15,79.9,71.8,75.85,-6.9,-9.4,-8.152,120,25,1,1994,348,10.00,0,2,.,2,.,.,.,.,.,.,.,.,0.64,0.15,0.79,.,23.6,.,.,.,.,.,.,.,.,.,.,.,.,23.6,.,.,.,.,.,.,10.6,23.1,24.8,-0.03,-0.03,-0.18,0.06,.,0.133720542,.,0.133720542,.,.,.,.,.,.,.,.,.,.,.,.,.,.,.,.,.,-6.9,-9.4,-8.15,79.9,71.8,75.85,-6.9,-9.4,-8.152,195,45,1,1994,348,10.00,-1,2,.,2,.,.,.,.,.,.,.,.,0.74,0.15,0.89,.,23.6,.,.,.,.,.,.,.,.,.,.,.,.,23.6,.,.,.,.,.,.,10.6,22.9,25.4,-0.01,-0.01,-0.03,0.05,.,0.133720542,.,0.133720542,.,.,.,.,.,.,.,.,.,.,.,.,.,.,.,.,.,-6.9,-9.4,-8.15,79.9,71.8,75.85,-6.9,-9.4,-8.152,472,55,1,1994,348,10.00,-1,2,.,2,.,.,.,.,.,.,.,.,1.19,0.15,1.34,.,23.6,.,.,.,.,.,.,.,.,.,.,.,.,23.6,.,.,.,.,.,.,10.6,22.2,28,0.46,0.68,0.46,0.09,.,0.133720542,.,0.133720542,.,.,.,.,.,.,.,.,.,.,.,.,.,.,.,.,.,-6.9,-9.4,-8.15,79.9,71.8,75.85,-6.9,-9.4,-8.152,631,45,0,1994,348,10.00,1,2,.,1,.,.,.,.,.,.,.,.,0.8,0.15,0.95,.,23.6,.,.,.,.,.,.,.,.,.,.,.,.,23.6,.,.,.,.,.,.,10.6,22.8,25.7,0.03,0.08,0.05,0.05,.,0.133720542,.,0.133720542,.,.,.,.,.,.,.,.,.,.,.,.,.,.,.,.,.,-6.9,-9.4,-8.15,79.9,71.8,75.85,-6.9,-9.4,-8.153,198,.,.,1994,348,10.00,2,1,.,2,.,.,.,.,.,.,.,.,0.67,0.15,0.82,.,22,.,.,.,.,.,.,.,.,.,.,.,.,22,.,.,.,.,.,.,26.2,21.7,23.7,-0.08,-0.08,-0.43,0.09,.,0.154292933,.,0.154292933,.,.,.,.,.,.,.,.,.,.,.,.,.,.,.,.,.,-6.9,-9.4,-8.15,79.9,71.8,75.85,-6.9,-9.4,-8.153,361,45,0,1994,348,10.00,0,2,.,2,.,.,.,.,.,.,.,.,0.62,0.15,0.77,.,21.3,.,.,.,.,.,.,.,.,.,.,.,.,21.3,.,.,.,.,.,.,34.4,21.1,22.7,-0.12,-0.12,-0.64,0.14,.,0.163293354,.,0.163293354,.,.,.,.,.,.,.,.,.,.,.,.,.,.,.,.,.,-6.9,-9.4,-8.15,79.9,71.8,75.85,-6.9,-9.4,-8.153,756,35,0,1994,348,10.00,0,2,.,2,.,.,.,.,.,.,.,.,0.92,0.15,1.07,.,20.6,.,.,.,.,.,.,.,.,.,.,.,.,20.6,.,.,.,.,.,.,42.3,20.5,24.4,-0.04,-0.04,-0.26,0.06,.,0.172293776,.,0.172293776,.,.,.,.,.,.,.,.,.,.,.,.,.,.,.,.,.,-6.9,-9.4,-8.15,79.9,71.8,75.85,-6.9,-9.4,-8.153,1096,35,1,1994,348,10.00,-1,2,.,3,.,.,.,.,.,.,.,.,1.05,0.15,1.2,.,22,.,.,.,.,.,.,.,.,.,.,.,.,22,.,.,.,.,.,.,26.2,21.4,26.3,0.13,0.23,0.11,0.05,.,0.154292933,.,0.154292933,.,.,.,.,.,.,.,.,.,.,.,.,.,.,.,.,.,-6.9,-9.4,-8.15,79.9,71.8,75.85,-6.9,-9.4,-8.153,1303,25,1,1994,348,10.00,2,1,.,2,.,.,.,.,.,.,.,.,1.04,0.15,1.19,.,22,.,.,.,.,.,.,.,.,.,.,.,.,22,.,.,.,.,.,.,27.1,21.5,26.3,0.12,0.22,0.11,0.05,.,0.154292933,.,0.154292933,.,.,.,.,.,.,.,.,.,.,.,.,.,.,.,.,.,-6.9,-9.4,-8.15,79.9,71.8,75.85,-6.9,-9.4,-8.153,1375,25,1,1994,348,10.00,-1,2,.,2,.,.,.,.,.,.,.,.,1.02,0.15,1.17,.,22,.,.,.,.,.,.,.,.,.,.,.,.,22,.,.,.,.,.,.,27.1,21.5,26.2,0.1,0.18,0.08,0.05,.,0.154292933,.,0.154292933,.,.,.,.,.,.,.,.,.,.,.,.,.,.,.,.,.,-6.9,-9.4,-8.15,79.9,71.8,75.85,-6.9,-9.4,-8.153,1434,45,0,1994,348,10.00,0,2,.,2,.,.,.,.,.,.,.,.,1.04,0.15,1.19,.,21.6,.,.,.,.,.,.,.,.,.,.,.,.,21.6,.,.,.,.,.,.,38.9,21.4,26.2,0.1,0.2,0.1,0.05,.,0.159436031,.,0.159436031,.,.,.,.,.,.,.,.,.,.,.,.,.,.,.,.,.,-6.9,-9.4,-8.15,79.9,71.8,75.85,-6.9,-9.4,-8.153,1508,45,1,1994,348,10.00,0,2,.,2,.,.,.,.,.,.,.,.,0.72,0.15,0.87,.,22,.,.,.,.,.,.,.,.,.,.,.,.,22,.,.,.,.,.,.,27.1,21.7,24.1,-0.06,-0.06,-0.34,0.07,.,0.154292933,.,0.154292933,.,.,.,.,.,.,.,.,.,.,.,.,.,.,.,.,.,-6.9,-9.4,-8.15,79.9,71.8,75.85,-6.9,-9.4,-8.153,2013,25,1,1994,348,10.00,1,2,.,2,.,.,.,.,.,.,.,.,0.5,0.15,0.65,.,21.3,.,.,.,.,.,.,.,.,.,.,.,.,21.3,.,.,.,.,.,.,34.4,21.1,21.7,-0.18,-0.18,-0.91,0.22,.,0.163293354,.,0.163293354,.,.,.,.,.,.,.,.,.,.,.,.,.,.,.,.,.,-6.9,-9.4,-8.15,79.9,71.8,75.85,-6.9,-9.4,-8.151,305,45,1,1994,348,11.00,1,2,.,1,.,.,.,.,.,.,.,.,0.63,0.15,0.78,.,21.6,.,.,.,.,.,.,.,.,.,.,.,.,21.6,.,.,.,.,.,.,10.4,21.1,22.8,-0.13,-0.13,-0.69,0.15,.,0.159436031,.,0.159436031,.,.,.,.,.,.,.,.,.,.,.,.,.,.,.,.,.,-6.9,-8.7,-7.8,79.9,74,76.95,-6.9,-8.7,-7.81,576,35,0,1994,348,11.00,1,2,.,2,.,.,.,.,.,.,.,.,0.62,0.15,0.77,.,21.6,.,.,.,.,.,.,.,.,.,.,.,.,21.6,.,.,.,.,.,.,10.4,21.1,22.7,-0.13,-0.13,-0.71,0.16,.,0.159436031,.,0.159436031,.,.,.,.,.,.,.,.,.,.,.,.,.,.,.,.,.,-6.9,-8.7,-7.8,79.9,74,76.95,-6.9,-8.7,-7.82,264,35,1,1994,348,11.00,-1,2,.,3,.,.,.,.,.,.,.,.,0.45,0.15,0.6,.,23.6,.,.,.,.,.,.,.,.,.,.,.,.,23.6,.,.,.,.,.,.,10.6,23.1,23.3,-0.1,-0.1,-0.53,0.11,.,0.133720542,.,0.133720542,.,.,.,.,.,.,.,.,.,.,.,.,.,.,.,.,.,-6.9,-8.7,-7.8,79.9,74,76.95,-6.9,-8.7,-7.82,705,45,0,1994,348,11.00,0,2,.,2,.,.,.,.,.,.,.,.,0.64,0.15,0.79,.,23.6,.,.,.,.,.,.,.,.,.,.,.,.,23.6,.,.,.,.,.,.,10.6,23.1,24.8,-0.03,-0.03,-0.18,0.06,.,0.133720542,.,0.133720542,.,.,.,.,.,.,.,.,.,.,.,.,.,.,.,.,.,-6.9,-8.7,-7.8,79.9,74,76.95,-6.9,-8.7,-7.82,791,55,0,1994,348,11.00,0,2,.,2,.,.,.,.,.,.,.,.,0.7,0.15,0.85,.,23.6,.,.,.,.,.,.,.,.,.,.,.,.,23.6,.,.,.,.,.,.,10.6,23,25.1,-0.01,-0.01,-0.09,0.05,.,0.133720542,.,0.133720542,.,.,.,.,.,.,.,.,.,.,.,.,.,.,.,.,.,-6.9,-8.7,-7.8,79.9,74,76.95,-6.9,-8.7,-7.83,1576,.,.,1994,348,11.00,0,2,.,2,.,.,.,.,.,.,.,.,1.06,0.15,1.21,.,22.3,.,.,.,.,.,.,.,.,.,.,.,.,22.3,.,.,.,.,.,.,24.8,21.7,26.6,0.19,0.31,0.18,0.06,.,0.15043561,.,0.15043561,.,.,.,.,.,.,.,.,.,.,.,.,.,.,.,.,.,-6.9,-8.7,-7.8,79.9,74,76.95,-6.9,-8.7,-7.83,1681,25,1,1994,348,11.00,0,2,.,2,.,.,.,.,.,.,.,.,0.76,0.15,0.91,.,22.3,.,.,.,.,.,.,.,.,.,.,.,.,22.3,.,.,.,.,.,.,25.2,22,24.6,-0.03,-0.03,-0.21,0.06,.,0.15043561,.,0.15043561,.,.,.,.,.,.,.,.,.,.,.,.,.,.,.,.,.,-6.9,-8.7,-7.8,79.9,74,76.95,-6.9,-8.7,-7.83,1819,25,1,1994,348,11.00,-1,2,.,3,.,.,.,.,.,.,.,.,0.78,0.15,0.93,.,22.3,.,.,.,.,.,.,.,.,.,.,.,.,22.3,.,.,.,.,.,.,24.8,22,24.8,-0.03,-0.03,-0.18,0.06,.,0.15043561,.,0.15043561,.,.,.,.,.,.,.,.,.,.,.,.,.,.,.,.,.,-6.9,-8.7,-7.8,79.9,74,76.95,-6.9,-8.7,-7.83,362,45,0,1994,348,15.00,0,2,.,2,.,.,.,.,.,.,.,.,0.62,0.15,0.77,.,22,.,.,.,.,.,.,.,.,.,.,.,.,22,.,.,.,.,.,.,29.2,21.8,23.3,-0.09,-0.09,-0.5,0.1,.,0.154292933,.,0.154292933,.,.,.,.,.,.,.,.,.,.,.,.,.,.,.,.,.,-6.9,-6.9,-6.9,79.9,79.9,79.9,-6.9,-6.9,-6.93,1048,25,0,1994,348,15.00,-1,2,.,2,.,.,.,.,.,.,.,.,0.62,0.15,0.77,.,22,.,.,.,.,.,.,.,.,.,.,.,.,22,.,.,.,.,.,.,29.2,21.8,23.3,-0.09,-0.09,-0.5,0.1,.,0.154292933,.,0.154292933,.,.,.,.,.,.,.,.,.,.,.,.,.,.,.,.,.,-6.9,-6.9,-6.9,79.9,79.9,79.9,-6.9,-6.9,-6.93,1509,45,1,1994,348,15.00,1,2,.,1,.,.,.,.,.,.,.,.,0.72,0.15,0.87,.,23,.,.,.,.,.,.,.,.,.,.,.,.,23,.,.,.,.,.,.,24.6,22.7,25,-0.02,-0.02,-0.11,0.05,.,0.141435189,.,0.141435189,.,.,.,.,.,.,.,.,.,.,.,.,.,.,.,.,.,-6.9,-6.9,-6.9,79.9,79.9,79.9,-6.9,-6.9,-6.93,1820,25,1,1994,348,15.00,0,2,.,2,.,.,.,.,.,.,.,.,0.91,0.15,1.06,.,22,.,.,.,.,.,.,.,.,.,.,.,.,22,.,.,.,.,.,.,24.3,21.6,25.4,-0.01,-0.01,-0.07,0.05,.,0.154292933,.,0.154292933,.,.,.,.,.,.,.,.,.,.,.,.,.,.,.,.,.,-6.9,-6.9,-6.9,79.9,79.9,79.9,-6.9,-6.9,-6.93,2014,25,1,1994,348,15.00,1,2,.,2,.,.,.,.,.,.,.,.,0.5,0.15,0.65,.,22,.,.,.,.,.,.,.,.,.,.,.,.,22,.,.,.,.,.,.,29.2,21.8,22.4,-0.14,-0.14,-0.75,0.17,.,0.154292933,.,0.154292933,.,.,.,.,.,.,.,.,.,.,.,.,.,.,.,.,.,-6.9,-6.9,-6.9,79.9,79.9,79.9,-6.9,-6.9,-6.91,167,35,0,1994,348,16.00,0,2,.,2,.,.,.,.,.,.,.,.,0.96,0.15,1.11,.,21.6,.,.,.,.,.,.,.,.,.,.,.,.,21.6,.,.,.,.,.,.,11.8,21.1,25.2,-0.01,-0.01,-0.16,0.06,.,0.159436031,.,0.159436031,.,.,.,.,.,.,.,.,.,.,.,.,.,.,.,.,.,-6.9,-6.9,-6.9,79.9,80.7,80.3,-6.9,-6.9,-6.91,430,45,0,1994,348,16.00,0,2,.,2,.,.,.,.,.,.,.,.,0.66,0.15,0.81,.,21.6,.,.,.,.,.,.,.,.,.,.,.,.,21.6,.,.,.,.,.,.,11.8,21.2,23.1,-0.11,-0.11,-0.62,0.13,.,0.159436031,.,0.159436031,.,.,.,.,.,.,.,.,.,.,.,.,.,.,.,.,.,-6.9,-6.9,-6.9,79.9,80.7,80.3,-6.9,-6.9,-6.93,199,.,.,1994,348,16.00,2,1,.,2,.,.,.,.,.,.,.,.,0.67,0.15,0.82,.,22.3,.,.,.,.,.,.,.,.,.,.,.,.,22.3,.,.,.,.,.,.,23.7,22,23.9,-0.07,-0.07,-0.37,0.08,.,0.15043561,.,0.15043561,.,.,.,.,.,.,.,.,.,.,.,.,.,.,.,.,.,-6.9,-6.9,-6.9,79.9,80.7,80.3,-6.9,-6.9,-6.93,1097,35,1,1994,348,16.00,-2,1,.,3,.,.,.,.,.,.,.,.,1.05,0.15,1.2,.,22.3,.,.,.,.,.,.,.,.,.,.,.,.,22.3,.,.,.,.,.,.,23.7,21.7,26.5,0.17,0.29,0.16,0.06,.,0.15043561,.,0.15043561,.,.,.,.,.,.,.,.,.,.,.,.,.,.,.,.,.,-6.9,-6.9,-6.9,79.9,80.7,80.3,-6.9,-6.9,-6.93,1192,45,1,1994,348,16.00,0,2,.,2,.,.,.,.,.,.,.,.,0.8,0.15,0.95,.,23,.,.,.,.,.,.,.,.,.,.,.,.,23,.,.,.,.,.,.,24.6,22.5,25.5,0,0,0,0.05,.,0.141435189,.,0.141435189,.,.,.,.,.,.,.,.,.,.,.,.,.,.,.,.,.,-6.9,-6.9,-6.9,79.9,80.7,80.3,-6.9,-6.9,-6.93,1243,35,0,1994,348,16.00,0,2,.,2,.,.,.,.,.,.,.,.,0.98,0.15,1.13,.,23,.,.,.,.,.,.,.,.,.,.,.,.,23,.,.,.,.,.,.,24.6,22.3,26.7,0.21,0.34,0.23,0.06,.,0.141435189,.,0.141435189,.,.,.,.,.,.,.,.,.,.,.,.,.,.,.,.,.,-6.9,-6.9,-6.9,79.9,80.7,80.3,-6.9,-6.9,-6.93,1376,25,1,1994,348,16.00,-1,2,.,2,.,.,.,.,.,.,.,.,1.02,0.15,1.17,.,23,.,.,.,.,.,.,.,.,.,.,.,.,23,.,.,.,.,.,.,24.6,22.3,26.9,0.26,0.4,0.27,0.07,.,0.141435189,.,0.141435189,.,.,.,.,.,.,.,.,.,.,.,.,.,.,.,.,.,-6.9,-6.9,-6.9,79.9,80.7,80.3,-6.9,-6.9,-6.93,1682,25,1,1994,348,16.00,0,2,.,2,.,.,.,.,.,.,.,.,0.76,0.15,0.91,.,22.3,.,.,.,.,.,.,.,.,.,.,.,.,22.3,.,.,.,.,.,.,23.7,22,24.6,-0.04,-0.04,-0.22,0.06,.,0.15043561,.,0.15043561,.,.,.,.,.,.,.,.,.,.,.,.,.,.,.,.,.,-6.9,-6.9,-6.9,79.9,80.7,80.3,-6.9,-6.9,-6.91,63,45,0,1994,349,11.00,2,1,.,1,.,.,.,.,.,.,.,.,1.06,0.15,1.21,.,22,.,.,.,.,.,.,.,.,.,.,.,.,22,.,.,.,.,.,.,11.3,21.2,26.1,0.09,0.16,0.03,0.05,.,0.154292933,.,0.154292933,.,.,.,.,.,.,.,.,.,.,.,.,.,.,.,.,.,-4.6,-10.1,-7.35,78.5,86.8,82.65,-4.6,-10.1,-7.352,122,25,1,1994,349,11.00,.,.,.,2,.,.,.,.,.,.,.,.,0.46,0.15,0.61,.,23.2,.,.,.,.,.,.,.,.,.,.,.,.,23.2,.,.,.,.,.,.,20,22.8,23.1,-0.11,-0.11,-0.56,0.12,.,0.13886364,.,0.13886364,.,.,.,.,.,.,.,.,.,.,.,.,.,.,.,.,.,-4.6,-10.1,-7.35,78.5,86.8,82.65,-4.6,-10.1,-7.352,197,45,1,1994,349,11.00,0,2,.,2,.,.,.,.,.,.,.,.,0.97,0.15,1.12,.,23.2,.,.,.,.,.,.,.,.,.,.,.,.,23.2,.,.,.,.,.,.,20,22.4,26.6,0.22,0.33,0.23,0.06,.,0.13886364,.,0.13886364,.,.,.,.,.,.,.,.,.,.,.,.,.,.,.,.,.,-4.6,-10.1,-7.35,78.5,86.8,82.65,-4.6,-10.1,-7.353,363,45,0,1994,349,11.00,0,2,.,2,.,.,.,.,.,.,.,.,0.62,0.15,0.77,.,22,.,.,.,.,.,.,.,.,.,.,.,.,22,.,.,.,.,.,.,32.3,21.8,23.4,-0.09,-0.09,-0.48,0.1,.,0.154292933,.,0.154292933,.,.,.,.,.,.,.,.,.,.,.,.,.,.,.,.,.,-4.6,-10.1,-7.35,78.5,86.8,82.65,-4.6,-10.1,-7.353,485,35,0,1994,349,11.00,1,2,.,2,.,.,.,.,.,.,.,.,0.77,0.15,0.92,.,21.6,.,.,.,.,.,.,.,.,.,.,.,.,21.6,.,.,.,.,.,.,25.3,21.3,24.1,-0.06,-0.06,-0.36,0.08,.,0.159436031,.,0.159436031,.,.,.,.,.,.,.,.,.,.,.,.,.,.,.,.,.,-4.6,-10.1,-7.35,78.5,86.8,82.65,-4.6,-10.1,-7.353,692,35,0,1994,349,11.00,-1,2,.,2,.,.,.,.,.,.,.,.,0.64,0.15,0.79,.,20.9,.,.,.,.,.,.,.,.,.,.,.,.,20.9,.,.,.,.,.,.,28.8,20.7,22.5,-0.14,-0.14,-0.73,0.16,.,0.168436452,.,0.168436452,.,.,.,.,.,.,.,.,.,.,.,.,.,.,.,.,.,-4.6,-10.1,-7.35,78.5,86.8,82.65,-4.6,-10.1,-7.353,1049,25,0,1994,349,11.00,0,2,.,2,.,.,.,.,.,.,.,.,0.62,0.15,0.77,.,22,.,.,.,.,.,.,.,.,.,.,.,.,22,.,.,.,.,.,.,32.3,21.8,23.4,-0.09,-0.09,-0.48,0.1,.,0.154292933,.,0.154292933,.,.,.,.,.,.,.,.,.,.,.,.,.,.,.,.,.,-4.6,-10.1,-7.35,78.5,86.8,82.65,-4.6,-10.1,-7.353,1098,35,1,1994,349,11.00,-2,1,.,3,.,.,.,.,.,.,.,.,1.05,0.15,1.2,.,22.3,.,.,.,.,.,.,.,.,.,.,.,.,22.3,.,.,.,.,.,.,33.6,21.9,26.7,0.21,0.36,0.22,0.06,.,0.15043561,.,0.15043561,.,.,.,.,.,.,.,.,.,.,.,.,.,.,.,.,.,-4.6,-10.1,-7.35,78.5,86.8,82.65,-4.6,-10.1,-7.353,1193,45,1,1994,349,11.00,0,2,.,2,.,.,.,.,.,.,.,.,0.59,0.15,0.74,.,22.7,.,.,.,.,.,.,.,.,.,.,.,.,22.7,.,.,.,.,.,.,29.7,22.5,23.8,-0.07,-0.07,-0.37,0.08,.,0.145292512,.,0.145292512,.,.,.,.,.,.,.,.,.,.,.,.,.,.,.,.,.,-4.6,-10.1,-7.35,78.5,86.8,82.65,-4.6,-10.1,-7.353,1244,35,0,1994,349,11.00,0,2,.,2,.,.,.,.,.,.,.,.,0.98,0.15,1.13,.,22.7,.,.,.,.,.,.,.,.,.,.,.,.,22.7,.,.,.,.,.,.,29.7,22.2,26.5,0.18,0.3,0.2,0.06,.,0.145292512,.,0.145292512,.,.,.,.,.,.,.,.,.,.,.,.,.,.,.,.,.,-4.6,-10.1,-7.35,78.5,86.8,82.65,-4.6,-10.1,-7.353,1436,45,0,1994,349,11.00,-2,1,.,3,.,.,.,.,.,.,.,.,1.14,0.15,1.29,.,21.6,.,.,.,.,.,.,.,.,.,.,.,.,21.6,.,.,.,.,.,.,25.3,21,26.6,0.17,0.29,0.13,0.05,.,0.159436031,.,0.159436031,.,.,.,.,.,.,.,.,.,.,.,.,.,.,.,.,.,-4.6,-10.1,-7.35,78.5,86.8,82.65,-4.6,-10.1,-7.353,1510,45,1,1994,349,11.00,1,2,.,2,.,.,.,.,.,.,.,.,0.87,0.15,1.02,.,22.7,.,.,.,.,.,.,.,.,.,.,.,.,22.7,.,.,.,.,.,.,29.7,22.3,25.8,0.04,0.1,0.06,0.05,.,0.145292512,.,0.145292512,.,.,.,.,.,.,.,.,.,.,.,.,.,.,.,.,.,-4.6,-10.1,-7.35,78.5,86.8,82.65,-4.6,-10.1,-7.354,59,35,1,1994,349,11.00,-1,2,.,3,.,.,.,.,.,.,.,.,1.39,0.15,1.54,.,23.4,.,.,.,.,.,.,.,.,.,.,.,.,23.4,.,.,.,.,.,.,7.8,21.7,28.9,0.58,0.92,0.57,0.12,.,0.136292091,.,0.136292091,.,.,.,.,.,.,.,.,.,.,.,.,.,.,.,.,.,-4.6,-10.1,-7.35,78.5,86.8,82.65,-4.6,-10.1,-7.351,229,45,0,1994,349,12.00,0,2,.,.,.,.,.,.,.,.,.,.,0.96,0.15,1.11,.,22,.,.,.,.,.,.,.,.,.,.,.,.,22,.,.,.,.,.,.,12.2,21.4,25.5,0,0,-0.08,0.05,.,0.154292933,.,0.154292933,.,.,.,.,.,.,.,.,.,.,.,.,.,.,.,.,.,-4.6,-7.6,-6.1,78.5,81.9,80.2,-4.6,-7.6,-6.12,793,55,0,1994,349,12.00,0,2,.,2,.,.,.,.,.,.,.,.,0.7,0.15,0.85,.,23.2,.,.,.,.,.,.,.,.,.,.,.,.,23.2,.,.,.,.,.,.,20.7,22.8,25,-0.02,-0.02,-0.12,0.05,.,0.13886364,.,0.13886364,.,.,.,.,.,.,.,.,.,.,.,.,.,.,.,.,.,-4.6,-7.6,-6.1,78.5,81.9,80.2,-4.6,-7.6,-6.13,1821,25,1,1994,349,12.00,0,2,.,2,.,.,.,.,.,.,.,.,0.75,0.15,0.9,.,22,.,.,.,.,.,.,.,.,.,.,.,.,22,.,.,.,.,.,.,29.3,21.8,24.3,-0.05,-0.05,-0.28,0.07,.,0.154292933,.,0.154292933,.,.,.,.,.,.,.,.,.,.,.,.,.,.,.,.,.,-4.6,-7.6,-6.1,78.5,81.9,80.2,-4.6,-7.6,-6.13,2015,25,1,1994,349,12.00,0,2,.,2,.,.,.,.,.,.,.,.,0.45,0.15,0.6,.,22.3,.,.,.,.,.,.,.,.,.,.,.,.,22.3,.,.,.,.,.,.,31.9,22.1,22.3,-0.15,-0.15,-0.76,0.17,.,0.15043561,.,0.15043561,.,.,.,.,.,.,.,.,.,.,.,.,.,.,.,.,.,-4.6,-7.6,-6.1,78.5,81.9,80.2,-4.6,-7.6,-6.11,64,45,0,1994,349,14.00,1,2,.,1,.,.,.,.,.,.,.,.,1.04,0.15,1.19,.,22.3,.,.,.,.,.,.,.,.,.,.,.,.,22.3,.,.,.,.,.,.,12.7,21.5,26.3,0.12,0.2,0.08,0.05,.,0.15043561,.,0.15043561,.,.,.,.,.,.,.,.,.,.,.,.,.,.,.,.,.,-4.6,-5.1,-4.85,78.5,78.1,78.3,-4.6,-5.1,-4.851,307,45,1,1994,349,14.00,0,2,.,2,.,.,.,.,.,.,.,.,0.57,0.15,0.72,.,22.3,.,.,.,.,.,.,.,.,.,.,.,.,22.3,.,.,.,.,.,.,12.7,21.9,23,-0.11,-0.11,-0.62,0.13,.,0.15043561,.,0.15043561,.,.,.,.,.,.,.,.,.,.,.,.,.,.,.,.,.,-4.6,-5.1,-4.85,78.5,78.1,78.3,-4.6,-5.1,-4.852,123,25,1,1994,349,14.00,0,2,.,2,.,.,.,.,.,.,.,.,0.46,0.15,0.61,.,23.6,.,.,.,.,.,.,.,.,.,.,.,.,23.6,.,.,.,.,.,.,19.8,23.2,23.5,-0.09,-0.09,-0.45,0.09,.,0.133720542,.,0.133720542,.,.,.,.,.,.,.,.,.,.,.,.,.,.,.,.,.,-4.6,-5.1,-4.85,78.5,78.1,78.3,-4.6,-5.1,-4.852,339,45,1,1994,349,14.00,-1,2,.,2,.,.,.,.,.,.,.,.,0.58,0.15,0.73,.,23.6,.,.,.,.,.,.,.,.,.,.,.,.,23.6,.,.,.,.,.,.,19.8,23.2,24.4,-0.04,-0.04,-0.22,0.06,.,0.133720542,.,0.133720542,.,.,.,.,.,.,.,.,.,.,.,.,.,.,.,.,.,-4.6,-5.1,-4.85,78.5,78.1,78.3,-4.6,-5.1,-4.852,794,55,0,1994,349,14.00,0,2,.,2,.,.,.,.,.,.,.,.,0.57,0.15,0.72,.,23.6,.,.,.,.,.,.,.,.,.,.,.,.,23.6,.,.,.,.,.,.,19.8,23.2,24.4,-0.05,-0.05,-0.24,0.06,.,0.133720542,.,0.133720542,.,.,.,.,.,.,.,.,.,.,.,.,.,.,.,.,.,-4.6,-5.1,-4.85,78.5,78.1,78.3,-4.6,-5.1,-4.853,364,45,0,1994,349,14.00,0,2,.,2,.,.,.,.,.,.,.,.,0.62,0.15,0.77,.,22.7,.,.,.,.,.,.,.,.,.,.,.,.,22.7,.,.,.,.,.,.,30.3,22.5,24,-0.06,-0.06,-0.32,0.07,.,0.145292512,.,0.145292512,.,.,.,.,.,.,.,.,.,.,.,.,.,.,.,.,.,-4.6,-5.1,-4.85,78.5,78.1,78.3,-4.6,-5.1,-4.853,693,35,0,1994,349,14.00,-2,1,.,3,.,.,.,.,.,.,.,.,0.64,0.15,0.79,.,21.3,.,.,.,.,.,.,.,.,.,.,.,.,21.3,.,.,.,.,.,.,27.8,21.1,22.8,-0.12,-0.12,-0.64,0.14,.,0.163293354,.,0.163293354,.,.,.,.,.,.,.,.,.,.,.,.,.,.,.,.,.,-4.6,-5.1,-4.85,78.5,78.1,78.3,-4.6,-5.1,-4.853,1099,35,1,1994,349,14.00,-3,1,.,3,.,.,.,.,.,.,.,.,1.05,0.15,1.2,.,22.7,.,.,.,.,.,.,.,.,.,.,.,.,22.7,.,.,.,.,.,.,32.6,22.2,27.1,0.27,0.45,0.29,0.07,.,0.145292512,.,0.145292512,.,.,.,.,.,.,.,.,.,.,.,.,.,.,.,.,.,-4.6,-5.1,-4.85,78.5,78.1,78.3,-4.6,-5.1,-4.853,1437,45,0,1994,349,14.00,0,2,.,2,.,.,.,.,.,.,.,.,1.14,0.15,1.29,.,22,.,.,.,.,.,.,.,.,.,.,.,.,22,.,.,.,.,.,.,24.3,21.3,26.9,0.22,0.37,0.2,0.06,.,0.154292933,.,0.154292933,.,.,.,.,.,.,.,.,.,.,.,.,.,.,.,.,.,-4.6,-5.1,-4.85,78.5,78.1,78.3,-4.6,-5.1,-4.853,1684,25,1,1994,349,14.00,-1,2,.,2,.,.,.,.,.,.,.,.,0.75,0.15,0.9,.,22.7,.,.,.,.,.,.,.,.,.,.,.,.,22.7,.,.,.,.,.,.,32.6,22.5,25,-0.01,-0.01,-0.09,0.05,.,0.145292512,.,0.145292512,.,.,.,.,.,.,.,.,.,.,.,.,.,.,.,.,.,-4.6,-5.1,-4.85,78.5,78.1,78.3,-4.6,-5.1,-4.853,1822,25,1,1994,349,14.00,1,2,.,2,.,.,.,.,.,.,.,.,0.75,0.15,0.9,.,22,.,.,.,.,.,.,.,.,.,.,.,.,22,.,.,.,.,.,.,28.8,21.8,24.3,-0.05,-0.05,-0.28,0.07,.,0.154292933,.,0.154292933,.,.,.,.,.,.,.,.,.,.,.,.,.,.,.,.,.,-4.6,-5.1,-4.85,78.5,78.1,78.3,-4.6,-5.1,-4.853,2016,25,1,1994,349,14.00,2,1,.,1,.,.,.,.,.,.,.,.,0.45,0.15,0.6,.,22.7,.,.,.,.,.,.,.,.,.,.,.,.,22.7,.,.,.,.,.,.,30.3,22.5,22.7,-0.13,-0.13,-0.66,0.14,.,0.145292512,.,0.145292512,.,.,.,.,.,.,.,.,.,.,.,.,.,.,.,.,.,-4.6,-5.1,-4.85,78.5,78.1,78.3,-4.6,-5.1,-4.851,230,45,0,1994,349,15.00,1,2,.,2,.,.,.,.,.,.,.,.,0.96,0.15,1.11,.,22,.,.,.,.,.,.,.,.,.,.,.,.,22,.,.,.,.,.,.,13.1,21.4,25.5,0,0,-0.07,0.05,.,0.154292933,.,0.154292933,.,.,.,.,.,.,.,.,.,.,.,.,.,.,.,.,.,-4.6,-4.6,-4.6,78.5,78.5,78.5,-4.6,-4.6,-4.61,432,45,0,1994,349,15.00,0,2,.,2,.,.,.,.,.,.,.,.,0.66,0.15,0.81,.,22,.,.,.,.,.,.,.,.,.,.,.,.,22,.,.,.,.,.,.,13.1,21.6,23.5,-0.09,-0.09,-0.52,0.11,.,0.154292933,.,0.154292933,.,.,.,.,.,.,.,.,.,.,.,.,.,.,.,.,.,-4.6,-4.6,-4.6,78.5,78.5,78.5,-4.6,-4.6,-4.61,636,35,0,1994,349,15.00,-1,2,.,2,.,.,.,.,.,.,.,.,0.49,0.15,0.64,.,22,.,.,.,.,.,.,.,.,.,.,.,.,22,.,.,.,.,.,.,13.1,21.6,22.1,-0.17,-0.17,-0.86,0.21,.,0.154292933,.,0.154292933,.,.,.,.,.,.,.,.,.,.,.,.,.,.,.,.,.,-4.6,-4.6,-4.6,78.5,78.5,78.5,-4.6,-4.6,-4.62,531,45,1,1994,349,15.00,-1,2,.,3,.,.,.,.,.,.,.,.,0.46,0.15,0.61,.,23.6,.,.,.,.,.,.,.,.,.,.,.,.,23.6,.,.,.,.,.,.,19,23.2,23.5,-0.09,-0.09,-0.45,0.09,.,0.133720542,.,0.133720542,.,.,.,.,.,.,.,.,.,.,.,.,.,.,.,.,.,-4.6,-4.6,-4.6,78.5,78.5,78.5,-4.6,-4.6,-4.63,201,.,.,1994,349,15.00,2,1,.,2,.,.,.,.,.,.,.,.,0.74,0.15,0.89,.,22.7,.,.,.,.,.,.,.,.,.,.,.,.,22.7,.,.,.,.,.,.,34.7,22.5,25,-0.02,-0.02,-0.09,0.05,.,0.145292512,.,0.145292512,.,.,.,.,.,.,.,.,.,.,.,.,.,.,.,.,.,-4.6,-4.6,-4.6,78.5,78.5,78.5,-4.6,-4.6,-4.63,758,35,0,1994,349,15.00,0,2,.,2,.,.,.,.,.,.,.,.,0.77,0.15,0.92,.,21.3,.,.,.,.,.,.,.,.,.,.,.,.,21.3,.,.,.,.,.,.,27.8,21.1,23.8,-0.07,-0.07,-0.41,0.08,.,0.163293354,.,0.163293354,.,.,.,.,.,.,.,.,.,.,.,.,.,.,.,.,.,-4.6,-4.6,-4.6,78.5,78.5,78.5,-4.6,-4.6,-4.63,980,25,1,1994,349,15.00,0,2,.,2,.,.,.,.,.,.,.,.,0.67,0.15,0.82,.,22,.,.,.,.,.,.,.,.,.,.,.,.,22,.,.,.,.,.,.,23.8,21.7,23.7,-0.08,-0.08,-0.44,0.09,.,0.154292933,.,0.154292933,.,.,.,.,.,.,.,.,.,.,.,.,.,.,.,.,.,-4.6,-4.6,-4.6,78.5,78.5,78.5,-4.6,-4.6,-4.63,1245,35,0,1994,349,15.00,0,2,.,2,.,.,.,.,.,.,.,.,0.98,0.15,1.13,.,23,.,.,.,.,.,.,.,.,.,.,.,.,23,.,.,.,.,.,.,29.2,22.4,26.7,0.23,0.36,0.25,0.06,.,0.141435189,.,0.141435189,.,.,.,.,.,.,.,.,.,.,.,.,.,.,.,.,.,-4.6,-4.6,-4.6,78.5,78.5,78.5,-4.6,-4.6,-4.63,1305,25,1,1994,349,15.00,0,2,.,3,.,.,.,.,.,.,.,.,0.67,0.15,0.82,.,23,.,.,.,.,.,.,.,.,.,.,.,.,23,.,.,.,.,.,.,29.2,22.8,24.7,-0.03,-0.03,-0.17,0.06,.,0.141435189,.,0.141435189,.,.,.,.,.,.,.,.,.,.,.,.,.,.,.,.,.,-4.6,-4.6,-4.6,78.5,78.5,78.5,-4.6,-4.6,-4.63,1511,45,1,1994,349,15.00,0,2,.,2,.,.,.,.,.,.,.,.,0.87,0.15,1.02,.,23,.,.,.,.,.,.,.,.,.,.,.,.,23,.,.,.,.,.,.,29.2,22.5,26,0.09,0.17,0.12,0.05,.,0.141435189,.,0.141435189,.,.,.,.,.,.,.,.,.,.,.,.,.,.,.,.,.,-4.6,-4.6,-4.6,78.5,78.5,78.5,-4.6,-4.6,-4.63,1859,65,0,1994,349,15.00,0,2,.,2,.,.,.,.,.,.,.,.,0.64,0.15,0.79,.,23,.,.,.,.,.,.,.,.,.,.,.,.,23,.,.,.,.,.,.,29.2,22.8,24.4,-0.04,-0.04,-0.21,0.06,.,0.141435189,.,0.141435189,.,.,.,.,.,.,.,.,.,.,.,.,.,.,.,.,.,-4.6,-4.6,-4.6,78.5,78.5,78.5,-4.6,-4.6,-4.61,65,45,0,1994,350,9.00,0,2,.,2,.,.,.,.,.,.,.,.,1.4,0.15,1.55,.,22,.,.,.,.,.,.,.,.,.,.,.,.,22,.,.,.,.,.,.,14.5,20.8,28.2,0.43,0.72,0.38,0.08,.,0.154292933,.,0.154292933,.,.,.,.,.,.,.,.,.,.,.,.,.,.,.,.,.,-3.3,-5.6,-4.45,78.9,84.4,81.65,-3.3,-5.6,-4.451,170,35,0,1994,350,9.00,0,2,.,2,.,.,.,.,.,.,.,.,0.96,0.15,1.11,.,22,.,.,.,.,.,.,.,.,.,.,.,.,22,.,.,.,.,.,.,14.5,21.4,25.6,0,0,-0.07,0.05,.,0.154292933,.,0.154292933,.,.,.,.,.,.,.,.,.,.,.,.,.,.,.,.,.,-3.3,-5.6,-4.45,78.9,84.4,81.65,-3.3,-5.6,-4.451,308,45,1,1994,350,9.00,0,2,.,2,.,.,.,.,.,.,.,.,0.75,0.15,0.9,.,22,.,.,.,.,.,.,.,.,.,.,.,.,22,.,.,.,.,.,.,14.5,21.6,24.2,-0.06,-0.06,-0.36,0.08,.,0.154292933,.,0.154292933,.,.,.,.,.,.,.,.,.,.,.,.,.,.,.,.,.,-3.3,-5.6,-4.45,78.9,84.4,81.65,-3.3,-5.6,-4.451,502,45,0,1994,350,9.00,0,2,.,2,.,.,.,.,.,.,.,.,1.06,0.15,1.21,.,22,.,.,.,.,.,.,.,.,.,.,.,.,22,.,.,.,.,.,.,14.5,21.2,26.2,0.1,0.18,0.05,0.05,.,0.154292933,.,0.154292933,.,.,.,.,.,.,.,.,.,.,.,.,.,.,.,.,.,-3.3,-5.6,-4.45,78.9,84.4,81.65,-3.3,-5.6,-4.451,637,35,0,1994,350,9.00,0,2,.,1,.,.,.,.,.,.,.,.,0.64,0.15,0.79,.,22,.,.,.,.,.,.,.,.,.,.,.,.,22,.,.,.,.,.,.,14.5,21.6,23.3,-0.1,-0.1,-0.55,0.11,.,0.154292933,.,0.154292933,.,.,.,.,.,.,.,.,.,.,.,.,.,.,.,.,.,-3.3,-5.6,-4.45,78.9,84.4,81.65,-3.3,-5.6,-4.452,795,55,0,1994,350,9.00,0,2,.,2,.,.,.,.,.,.,.,.,0.62,0.15,0.77,.,23.6,.,.,.,.,.,.,.,.,.,.,.,.,23.6,.,.,.,.,.,.,19,23.2,24.7,-0.03,-0.03,-0.16,0.06,.,0.133720542,.,0.133720542,.,.,.,.,.,.,.,.,.,.,.,.,.,.,.,.,.,-3.3,-5.6,-4.45,78.9,84.4,81.65,-3.3,-5.6,-4.453,365,45,0,1994,350,9.00,-1,2,.,3,.,.,.,.,.,.,.,.,0.62,0.15,0.77,.,21.3,.,.,.,.,.,.,.,.,.,.,.,.,21.3,.,.,.,.,.,.,34.4,21.1,22.7,-0.12,-0.12,-0.64,0.14,.,0.163293354,.,0.163293354,.,.,.,.,.,.,.,.,.,.,.,.,.,.,.,.,.,-3.3,-5.6,-4.45,78.9,84.4,81.65,-3.3,-5.6,-4.453,1246,35,0,1994,350,9.00,0,2,.,2,.,.,.,.,.,.,.,.,0.62,0.15,0.77,.,21.6,.,.,.,.,.,.,.,.,.,.,.,.,21.6,.,.,.,.,.,.,31.1,21.4,23,-0.11,-0.11,-0.59,0.12,.,0.159436031,.,0.159436031,.,.,.,.,.,.,.,.,.,.,.,.,.,.,.,.,.,-3.3,-5.6,-4.45,78.9,84.4,81.65,-3.3,-5.6,-4.453,1512,45,1,1994,350,9.00,0,2,.,2,.,.,.,.,.,.,.,.,0.87,0.15,1.02,.,21.6,.,.,.,.,.,.,.,.,.,.,.,.,21.6,.,.,.,.,.,.,31.1,21.4,24.8,-0.02,-0.02,-0.17,0.06,.,0.159436031,.,0.159436031,.,.,.,.,.,.,.,.,.,.,.,.,.,.,.,.,.,-3.3,-5.6,-4.45,78.9,84.4,81.65,-3.3,-5.6,-4.453,1580,.,.,1994,350,9.00,0,2,.,2,.,.,.,.,.,.,.,.,1.06,0.15,1.21,.,22,.,.,.,.,.,.,.,.,.,.,.,.,22,.,.,.,.,.,.,28.3,21.5,26.4,0.15,0.26,0.13,0.05,.,0.154292933,.,0.154292933,.,.,.,.,.,.,.,.,.,.,.,.,.,.,.,.,.,-3.3,-5.6,-4.45,78.9,84.4,81.65,-3.3,-5.6,-4.453,1685,25,1,1994,350,9.00,0,2,.,2,.,.,.,.,.,.,.,.,0.8,0.15,0.95,.,22,.,.,.,.,.,.,.,.,.,.,.,.,22,.,.,.,.,.,.,32,21.8,24.7,-0.03,-0.03,-0.18,0.06,.,0.154292933,.,0.154292933,.,.,.,.,.,.,.,.,.,.,.,.,.,.,.,.,.,-3.3,-5.6,-4.45,78.9,84.4,81.65,-3.3,-5.6,-4.454,61,35,1,1994,350,9.00,-1,2,.,3,.,.,.,.,.,.,.,.,0.76,0.15,0.91,.,23,.,.,.,.,.,.,.,.,.,.,.,.,23,.,.,.,.,.,.,11.1,22.5,25.1,-0.02,-0.02,-0.14,0.05,.,0.141435189,.,0.141435189,.,.,.,.,.,.,.,.,.,.,.,.,.,.,.,.,.,-3.3,-5.6,-4.45,78.9,84.4,81.65,-3.3,-5.6,-4.451,433,45,0,1994,350,10.00,-1,2,.,3,.,.,.,.,.,.,.,.,0.66,0.15,0.81,.,22.3,.,.,.,.,.,.,.,.,.,.,.,.,22.3,.,.,.,.,.,.,14.1,21.9,23.8,-0.08,-0.08,-0.44,0.09,.,0.15043561,.,0.15043561,.,.,.,.,.,.,.,.,.,.,.,.,.,.,.,.,.,-3.3,-4.8,-4.05,78.9,81.4,80.15,-3.3,-4.8,-4.052,340,45,1,1994,350,10.00,0,2,.,2,.,.,.,.,.,.,.,.,0.92,0.15,1.07,.,23.6,.,.,.,.,.,.,.,.,.,.,.,.,23.6,.,.,.,.,.,.,19,22.8,26.6,0.22,0.33,0.25,0.06,.,0.133720542,.,0.133720542,.,.,.,.,.,.,.,.,.,.,.,.,.,.,.,.,.,-3.3,-4.8,-4.05,78.9,81.4,80.15,-3.3,-4.8,-4.052,476,55,1,1994,350,10.00,-1,2,.,3,.,.,.,.,.,.,.,.,1.24,0.15,1.39,.,23.6,.,.,.,.,.,.,.,.,.,.,.,.,23.6,.,.,.,.,.,.,19,22.4,28.5,0.52,0.83,0.55,0.11,.,0.133720542,.,0.133720542,.,.,.,.,.,.,.,.,.,.,.,.,.,.,.,.,.,-3.3,-4.8,-4.05,78.9,81.4,80.15,-3.3,-4.8,-4.053,1050,25,0,1994,350,10.00,0,2,.,2,.,.,.,.,.,.,.,.,0.62,0.15,0.77,.,21.6,.,.,.,.,.,.,.,.,.,.,.,.,21.6,.,.,.,.,.,.,31.8,21.4,23,-0.11,-0.11,-0.58,0.12,.,0.159436031,.,0.159436031,.,.,.,.,.,.,.,.,.,.,.,.,.,.,.,.,.,-3.3,-4.8,-4.05,78.9,81.4,80.15,-3.3,-4.8,-4.053,1379,25,1,1994,350,10.00,-1,2,.,2,.,.,.,.,.,.,.,.,0.99,0.15,1.14,.,22.3,.,.,.,.,.,.,.,.,.,.,.,.,22.3,.,.,.,.,.,.,30.1,21.8,26.3,0.13,0.22,0.13,0.05,.,0.15043561,.,0.15043561,.,.,.,.,.,.,.,.,.,.,.,.,.,.,.,.,.,-3.3,-4.8,-4.05,78.9,81.4,80.15,-3.3,-4.8,-4.053,2017,25,1,1994,350,10.00,0,2,.,2,.,.,.,.,.,.,.,.,0.63,0.15,0.78,.,21.6,.,.,.,.,.,.,.,.,.,.,.,.,21.6,.,.,.,.,.,.,31.8,21.4,23.1,-0.1,-0.1,-0.56,0.12,.,0.159436031,.,0.159436031,.,.,.,.,.,.,.,.,.,.,.,.,.,.,.,.,.,-3.3,-4.8,-4.05,78.9,81.4,80.15,-3.3,-4.8,-4.051,111,45,0,1994,350,16.00,1,2,.,2,.,.,.,.,.,.,.,.,0.72,0.15,0.87,.,22.3,.,.,.,.,.,.,.,.,.,.,.,.,22.3,.,.,.,.,.,.,15,21.9,24.2,-0.06,-0.06,-0.34,0.07,.,0.15043561,.,0.15043561,.,.,.,.,.,.,.,.,.,.,.,.,.,.,.,.,.,-3.3,-3.3,-3.3,78.9,78.9,78.9,-3.3,-3.3,-3.31,434,45,0,1994,350,16.00,-1,2,.,3,.,.,.,.,.,.,.,.,0.66,0.15,0.81,.,22.3,.,.,.,.,.,.,.,.,.,.,.,.,22.3,.,.,.,.,.,.,15,21.9,23.8,-0.08,-0.08,-0.44,0.09,.,0.15043561,.,0.15043561,.,.,.,.,.,.,.,.,.,.,.,.,.,.,.,.,.,-3.3,-3.3,-3.3,78.9,78.9,78.9,-3.3,-3.3,-3.32,55,35,1,1994,350,16.00,-1,2,.,3,.,.,.,.,.,.,.,.,0.66,0.15,0.81,.,23.6,.,.,.,.,.,.,.,.,.,.,.,.,23.6,.,.,.,.,.,.,19,23.2,25,-0.02,-0.02,-0.1,0.05,.,0.133720542,.,0.133720542,.,.,.,.,.,.,.,.,.,.,.,.,.,.,.,.,.,-3.3,-3.3,-3.3,78.9,78.9,78.9,-3.3,-3.3,-3.32,125,25,1,1994,350,16.00,0,2,.,2,.,.,.,.,.,.,.,.,1.05,0.15,1.2,.,23.6,.,.,.,.,.,.,.,.,.,.,.,.,23.6,.,.,.,.,.,.,19,22.6,27.4,0.36,0.53,0.38,0.08,.,0.133720542,.,0.133720542,.,.,.,.,.,.,.,.,.,.,.,.,.,.,.,.,.,-3.3,-3.3,-3.3,78.9,78.9,78.9,-3.3,-3.3,-3.32,477,55,1,1994,350,16.00,.,.,.,.,.,.,.,.,.,.,.,.,0.9,0.15,1.05,.,23.6,.,.,.,.,.,.,.,.,.,.,.,.,23.6,.,.,.,.,.,.,19,22.8,26.5,0.2,0.29,0.22,0.06,.,0.133720542,.,0.133720542,.,.,.,.,.,.,.,.,.,.,.,.,.,.,.,.,.,-3.3,-3.3,-3.3,78.9,78.9,78.9,-3.3,-3.3,-3.32,635,45,0,1994,350,16.00,1,2,.,1,.,.,.,.,.,.,.,.,0.8,0.15,0.95,.,23.6,.,.,.,.,.,.,.,.,.,.,.,.,23.6,.,.,.,.,.,.,19,22.9,25.9,0.07,0.13,0.1,0.05,.,0.133720542,.,0.133720542,.,.,.,.,.,.,.,.,.,.,.,.,.,.,.,.,.,-3.3,-3.3,-3.3,78.9,78.9,78.9,-3.3,-3.3,-3.32,796,55,0,1994,350,16.00,0,2,.,2,.,.,.,.,.,.,.,.,0.62,0.15,0.77,.,23.6,.,.,.,.,.,.,.,.,.,.,.,.,23.6,.,.,.,.,.,.,19,23.2,24.7,-0.03,-0.03,-0.16,0.06,.,0.133720542,.,0.133720542,.,.,.,.,.,.,.,.,.,.,.,.,.,.,.,.,.,-3.3,-3.3,-3.3,78.9,78.9,78.9,-3.3,-3.3,-3.33,1143,.,.,1994,350,16.00,0,2,.,2,.,.,.,.,.,.,.,.,1.04,0.15,1.19,.,23,.,.,.,.,.,.,.,.,.,.,.,.,23,.,.,.,.,.,.,30.2,22.4,27.2,0.3,0.47,0.32,0.07,.,0.141435189,.,0.141435189,.,.,.,.,.,.,.,.,.,.,.,.,.,.,.,.,.,-3.3,-3.3,-3.3,78.9,78.9,78.9,-3.3,-3.3,-3.32,341,45,1,1994,350,17.00,-1,2,.,2,.,.,.,.,.,.,.,.,0.92,0.15,1.07,.,23.6,.,.,.,.,.,.,.,.,.,.,.,.,23.6,.,.,.,.,.,.,19,22.8,26.6,0.22,0.33,0.25,0.06,.,0.133720542,.,0.133720542,.,.,.,.,.,.,.,.,.,.,.,.,.,.,.,.,.,-3.3,-4.6,-3.95,78.9,83.6,81.25,-3.3,-4.6,-3.951,66,45,0,1994,353,8.00,0,2,.,2,.,.,.,.,.,.,.,.,1.06,0.15,1.21,.,22,.,.,.,.,.,.,.,.,.,.,.,.,22,.,.,.,.,.,.,15.9,21.3,26.2,0.11,0.19,0.06,0.05,.,0.154292933,.,0.154292933,.,.,.,.,.,.,.,.,.,.,.,.,.,.,.,.,.,-3.4,-6.4,-4.9,52.8,79.3,66.05,-3.4,-6.4,-4.91,309,45,1,1994,353,8.00,0,2,.,2,.,.,.,.,.,.,.,.,0.57,0.15,0.72,.,22,.,.,.,.,.,.,.,.,.,.,.,.,22,.,.,.,.,.,.,15.9,21.6,22.8,-0.12,-0.12,-0.67,0.15,.,0.154292933,.,0.154292933,.,.,.,.,.,.,.,.,.,.,.,.,.,.,.,.,.,-3.4,-6.4,-4.9,52.8,79.3,66.05,-3.5,-6.4,-4.952,270,35,1,1994,353,8.00,0,2,.,2,.,.,.,.,.,.,.,.,0.58,0.15,0.73,.,23.2,.,.,.,.,.,.,.,.,.,.,.,.,23.2,.,.,.,.,.,.,18.2,22.8,24,-0.06,-0.06,-0.34,0.07,.,0.13886364,.,0.13886364,.,.,.,.,.,.,.,.,.,.,.,.,.,.,.,.,.,-3.4,-6.4,-4.9,52.8,79.3,66.05,-3.5,-6.4,-4.952,797,55,0,1994,353,8.00,0,2,.,2,.,.,.,.,.,.,.,.,0.7,0.15,0.85,.,23.2,.,.,.,.,.,.,.,.,.,.,.,.,23.2,.,.,.,.,.,.,18.2,22.8,24.9,-0.02,-0.02,-0.14,0.05,.,0.13886364,.,0.13886364,.,.,.,.,.,.,.,.,.,.,.,.,.,.,.,.,.,-3.4,-6.4,-4.9,52.8,79.3,66.05,-3.4,-6.4,-4.93,128,.,.,1994,353,8.00,0,2,.,3,.,.,.,.,.,.,.,.,1.06,0.15,1.21,.,21.3,.,.,.,.,.,.,.,.,.,.,.,.,21.3,.,.,.,.,.,.,30.7,20.9,25.9,0.04,0.1,0.01,0.05,.,0.163293354,.,0.163293354,.,.,.,.,.,.,.,.,.,.,.,.,.,.,.,.,.,-3.4,-6.4,-4.9,52.8,79.3,66.05,-3.4,-6.4,-4.93,296,45,0,1994,353,8.00,0,2,.,2,.,.,.,.,.,.,.,.,0.96,0.15,1.11,.,22,.,.,.,.,.,.,.,.,.,.,.,.,22,.,.,.,.,.,.,32,21.6,25.8,0.04,0.1,0.04,0.05,.,0.154292933,.,0.154292933,.,.,.,.,.,.,.,.,.,.,.,.,.,.,.,.,.,-3.4,-6.4,-4.9,52.8,79.3,66.05,-3.4,-6.4,-4.93,1513,45,1,1994,353,8.00,.,.,.,2,.,.,.,.,.,.,.,.,0.62,0.15,0.77,.,21.3,.,.,.,.,.,.,.,.,.,.,.,.,21.3,.,.,.,.,.,.,30.6,21.1,22.7,-0.12,-0.12,-0.66,0.14,.,0.163293354,.,0.163293354,.,.,.,.,.,.,.,.,.,.,.,.,.,.,.,.,.,-3.4,-6.4,-4.9,52.8,79.3,66.05,-3.5,-6.4,-4.951,113,45,0,1994,353,13.00,1,2,.,2,.,.,.,.,.,.,.,.,0.99,0.15,1.14,.,22.3,.,.,.,.,.,.,.,.,.,.,.,.,22.3,.,.,.,.,.,.,13.6,21.6,26,0.06,0.12,0.03,0.05,.,0.15043561,.,0.15043561,.,.,.,.,.,.,.,.,.,.,.,.,.,.,.,.,.,-3.4,-4.3,-3.85,52.8,57.8,55.3,-3.4,-4.3,-3.851,435,45,0,1994,353,13.00,0,2,.,2,.,.,.,.,.,.,.,.,0.66,0.15,0.81,.,22.3,.,.,.,.,.,.,.,.,.,.,.,.,22.3,.,.,.,.,.,.,13.6,21.9,23.8,-0.08,-0.08,-0.44,0.09,.,0.15043561,.,0.15043561,.,.,.,.,.,.,.,.,.,.,.,.,.,.,.,.,.,-3.4,-4.3,-3.85,52.8,57.8,55.3,-3.5,-4.3,-3.92,126,25,1,1994,353,13.00,0,2,.,2,.,.,.,.,.,.,.,.,0.46,0.15,0.61,.,22.8,.,.,.,.,.,.,.,.,.,.,.,.,22.8,.,.,.,.,.,.,20.1,22.4,22.7,-0.13,-0.13,-0.67,0.14,.,0.144006738,.,0.144006738,.,.,.,.,.,.,.,.,.,.,.,.,.,.,.,.,.,-3.4,-4.3,-3.85,52.8,57.8,55.3,-3.5,-4.3,-3.92,200,45,1,1994,353,13.00,-1,2,.,3,.,.,.,.,.,.,.,.,1.29,0.15,1.44,.,22.8,.,.,.,.,.,.,.,.,.,.,.,.,22.8,.,.,.,.,.,.,20.1,21.7,28.2,0.46,0.76,0.46,0.09,.,0.144006738,.,0.144006738,.,.,.,.,.,.,.,.,.,.,.,.,.,.,.,.,.,-3.4,-4.3,-3.85,52.8,57.8,55.3,-3.4,-4.3,-3.853,129,.,.,1994,353,13.00,1,2,.,2,.,.,.,.,.,.,.,.,1.06,0.15,1.21,.,24.8,.,.,.,.,.,.,.,.,.,.,.,.,24.8,.,.,.,.,.,.,25.3,23.8,28.5,0.56,0.85,0.67,0.14,.,0.118291249,.,0.118291249,.,.,.,.,.,.,.,.,.,.,.,.,.,.,.,.,.,-3.4,-4.3,-3.85,52.8,57.8,55.3,-3.4,-4.3,-3.853,487,35,0,1994,353,13.00,1,2,.,1,.,.,.,.,.,.,.,.,0.96,0.15,1.11,.,23.8,.,.,.,.,.,.,.,.,.,.,.,.,23.8,.,.,.,.,.,.,30.7,23.2,27.3,0.34,0.53,0.41,0.09,.,0.131148993,.,0.131148993,.,.,.,.,.,.,.,.,.,.,.,.,.,.,.,.,.,-3.4,-4.3,-3.85,52.8,57.8,55.3,-3.4,-4.3,-3.853,577,45,0,1994,353,13.00,0,2,.,2,.,.,.,.,.,.,.,.,0.93,0.15,1.08,.,22,.,.,.,.,.,.,.,.,.,.,.,.,22,.,.,.,.,.,.,36.1,21.7,25.7,0.01,0.06,0.02,0.05,.,0.154292933,.,0.154292933,.,.,.,.,.,.,.,.,.,.,.,.,.,.,.,.,.,-3.4,-4.3,-3.85,52.8,57.8,55.3,-3.4,-4.3,-3.853,694,35,0,1994,353,13.00,-1,2,.,2,.,.,.,.,.,.,.,.,0.64,0.15,0.79,.,22,.,.,.,.,.,.,.,.,.,.,.,.,22,.,.,.,.,.,.,36.1,21.8,23.6,-0.08,-0.08,-0.42,0.09,.,0.154292933,.,0.154292933,.,.,.,.,.,.,.,.,.,.,.,.,.,.,.,.,.,-3.4,-4.3,-3.85,52.8,57.8,55.3,-3.5,-4.3,-3.93,760,35,0,1994,353,13.00,1,2,.,2,.,.,.,.,.,.,.,.,1.06,0.15,1.21,.,22,.,.,.,.,.,.,.,.,.,.,.,.,22,.,.,.,.,.,.,36.1,21.7,26.6,0.18,0.32,0.18,0.06,.,0.154292933,.,0.154292933,.,.,.,.,.,.,.,.,.,.,.,.,.,.,.,.,.,-3.4,-4.3,-3.85,52.8,57.8,55.3,-3.4,-4.3,-3.853,1100,35,1,1994,353,13.00,-3,1,.,3,.,.,.,.,.,.,.,.,1.02,0.15,1.17,.,23,.,.,.,.,.,.,.,.,.,.,.,.,23,.,.,.,.,.,.,28.4,22.4,27,0.27,0.42,0.29,0.07,.,0.141435189,.,0.141435189,.,.,.,.,.,.,.,.,.,.,.,.,.,.,.,.,.,-3.4,-4.3,-3.85,52.8,57.8,55.3,-3.4,-4.3,-3.853,1514,45,1,1994,353,13.00,1,2,.,1,.,.,.,.,.,.,.,.,0.62,0.15,0.77,.,23,.,.,.,.,.,.,.,.,.,.,.,.,23,.,.,.,.,.,.,28.2,22.7,24.3,-0.05,-0.05,-0.26,0.06,.,0.141435189,.,0.141435189,.,.,.,.,.,.,.,.,.,.,.,.,.,.,.,.,.,-3.4,-4.3,-3.85,52.8,57.8,55.3,-3.5,-4.3,-3.93,1581,.,.,1994,353,13.00,1,2,.,1,.,.,.,.,.,.,.,.,0.83,0.15,0.98,.,23,.,.,.,.,.,.,.,.,.,.,.,.,23,.,.,.,.,.,.,27.4,22.5,25.7,0.03,0.08,0.06,0.05,.,0.141435189,.,0.141435189,.,.,.,.,.,.,.,.,.,.,.,.,.,.,.,.,.,-3.4,-4.3,-3.85,52.8,57.8,55.3,-3.4,-4.3,-3.853,1686,25,1,1994,353,13.00,-1,2,.,3,.,.,.,.,.,.,.,.,0.58,0.15,0.73,.,23,.,.,.,.,.,.,.,.,.,.,.,.,23,.,.,.,.,.,.,28.4,22.7,24,-0.06,-0.06,-0.33,0.07,.,0.141435189,.,0.141435189,.,.,.,.,.,.,.,.,.,.,.,.,.,.,.,.,.,-3.4,-4.3,-3.85,52.8,57.8,55.3,-3.5,-4.3,-3.93,1823,25,1,1994,353,13.00,-1,2,.,3,.,.,.,.,.,.,.,.,0.85,0.15,1,.,23,.,.,.,.,.,.,.,.,.,.,.,.,23,.,.,.,.,.,.,27.4,22.5,25.9,0.06,0.12,0.08,0.05,.,0.141435189,.,0.141435189,.,.,.,.,.,.,.,.,.,.,.,.,.,.,.,.,.,-3.4,-4.3,-3.85,52.8,57.8,55.3,-3.4,-4.3,-3.853,2018,25,1,1994,353,13.00,2,1,.,1,.,.,.,.,.,.,.,.,0.42,0.15,0.57,.,24.8,.,.,.,.,.,.,.,.,.,.,.,.,24.8,.,.,.,.,.,.,25.3,24.5,24.4,-0.04,-0.04,-0.16,0.06,.,0.118291249,.,0.118291249,.,.,.,.,.,.,.,.,.,.,.,.,.,.,.,.,.,-3.4,-4.3,-3.85,52.8,57.8,55.3,-3.5,-4.3,-3.94,64,35,1,1994,353,13.00,0,2,.,2,.,.,.,.,.,.,.,.,0.67,0.15,0.82,.,24.1,.,.,.,.,.,.,.,.,.,.,.,.,24.1,.,.,.,.,.,.,10.3,23.4,25.3,-0.01,-0.01,-0.02,0.05,.,0.12729167,.,0.12729167,.,.,.,.,.,.,.,.,.,.,.,.,.,.,.,.,.,-3.4,-4.3,-3.85,52.8,57.8,55.3,-3.5,-4.3,-3.91,67,45,0,1994,353,14.00,0,2,.,2,.,.,.,.,.,.,.,.,1.4,0.15,1.55,.,23,.,.,.,.,.,.,.,.,.,.,.,.,23,.,.,.,.,.,.,13.2,21.6,28.8,0.55,0.91,0.54,0.11,.,0.141435189,.,0.141435189,.,.,.,.,.,.,.,.,.,.,.,.,.,.,.,.,.,-3.4,-3.4,-3.4,52.8,52.8,52.8,-3.4,-3.4,-3.42,478,55,1,1994,353,14.00,0,2,.,2,.,.,.,.,.,.,.,.,1.08,0.15,1.23,.,23.2,.,.,.,.,.,.,.,.,.,.,.,.,23.2,.,.,.,.,.,.,20,22.3,27.3,0.33,0.51,0.34,0.07,.,0.13886364,.,0.13886364,.,.,.,.,.,.,.,.,.,.,.,.,.,.,.,.,.,-3.4,-3.4,-3.4,52.8,52.8,52.8,-3.4,-3.4,-3.42,798,55,0,1994,353,14.00,0,2,.,2,.,.,.,.,.,.,.,.,0.7,0.15,0.85,.,23.2,.,.,.,.,.,.,.,.,.,.,.,.,23.2,.,.,.,.,.,.,20,22.8,24.9,-0.02,-0.02,-0.13,0.05,.,0.13886364,.,0.13886364,.,.,.,.,.,.,.,.,.,.,.,.,.,.,.,.,.,-3.4,-3.4,-3.4,52.8,52.8,52.8,-3.4,-3.4,-3.43,366,45,0,1994,353,14.00,0,2,.,2,.,.,.,.,.,.,.,.,0.57,0.15,0.72,.,24.8,.,.,.,.,.,.,.,.,.,.,.,.,24.8,.,.,.,.,.,.,25.3,24.3,25.4,0,0,0.1,0.05,.,0.118291249,.,0.118291249,.,.,.,.,.,.,.,.,.,.,.,.,.,.,.,.,.,-3.4,-3.4,-3.4,52.8,52.8,52.8,-3.5,-3.5,-3.53,1380,25,1,1994,353,14.00,1,2,.,2,.,.,.,.,.,.,.,.,0.73,0.15,0.88,.,23,.,.,.,.,.,.,.,.,.,.,.,.,23,.,.,.,.,.,.,27.6,22.7,25.1,-0.01,-0.01,-0.08,0.05,.,0.141435189,.,0.141435189,.,.,.,.,.,.,.,.,.,.,.,.,.,.,.,.,.,-3.4,-3.4,-3.4,52.8,52.8,52.8,-3.4,-3.4,-3.41,436,45,0,1994,354,9.00,0,2,.,2,.,.,.,.,.,.,.,.,0.66,0.15,0.81,.,22,.,.,.,.,.,.,.,.,.,.,.,.,22,.,.,.,.,.,.,15,21.6,23.5,-0.09,-0.09,-0.51,0.1,.,0.154292933,.,0.154292933,.,.,.,.,.,.,.,.,.,.,.,.,.,.,.,.,.,-0.2,-5.7,-2.95,85.2,89.2,87.2,-0.1,-5.7,-2.91,505,45,0,1994,354,9.00,-1,2,.,3,.,.,.,.,.,.,.,.,0.72,0.15,0.87,.,22,.,.,.,.,.,.,.,.,.,.,.,.,22,.,.,.,.,.,.,15,21.6,23.9,-0.07,-0.07,-0.41,0.08,.,0.154292933,.,0.154292933,.,.,.,.,.,.,.,.,.,.,.,.,.,.,.,.,.,-0.2,-5.7,-2.95,85.2,89.2,87.2,-0.1,-5.7,-2.92,127,25,1,1994,354,9.00,-2,1,.,3,.,.,.,.,.,.,.,.,0.47,0.15,0.62,.,23.2,.,.,.,.,.,.,.,.,.,.,.,.,23.2,.,.,.,.,.,.,20,22.8,23.2,-0.1,-0.1,-0.54,0.11,.,0.13886364,.,0.13886364,.,.,.,.,.,.,.,.,.,.,.,.,.,.,.,.,.,-0.2,-5.7,-2.95,85.2,89.2,87.2,-0.2,-5.7,-2.952,201,45,1,1994,354,9.00,-1,2,.,3,.,.,.,.,.,.,.,.,1.08,0.15,1.23,.,23.2,.,.,.,.,.,.,.,.,.,.,.,.,23.2,.,.,.,.,.,.,20,22.3,27.3,0.33,0.51,0.34,0.07,.,0.13886364,.,0.13886364,.,.,.,.,.,.,.,.,.,.,.,.,.,.,.,.,.,-0.2,-5.7,-2.95,85.2,89.2,87.2,-0.1,-5.7,-2.92,412,35,1,1994,354,9.00,0,2,.,2,.,.,.,.,.,.,.,.,0.84,0.15,0.99,.,23.2,.,.,.,.,.,.,.,.,.,.,.,.,23.2,.,.,.,.,.,.,20,22.6,25.8,0.05,0.11,0.07,0.05,.,0.13886364,.,0.13886364,.,.,.,.,.,.,.,.,.,.,.,.,.,.,.,.,.,-0.2,-5.7,-2.95,85.2,89.2,87.2,-0.1,-5.7,-2.92,711,45,0,1994,354,9.00,0,2,.,2,.,.,.,.,.,.,.,.,0.64,0.15,0.79,.,23.2,.,.,.,.,.,.,.,.,.,.,.,.,23.2,.,.,.,.,.,.,20,22.8,24.5,-0.04,-0.04,-0.22,0.06,.,0.13886364,.,0.13886364,.,.,.,.,.,.,.,.,.,.,.,.,.,.,.,.,.,-0.2,-5.7,-2.95,85.2,89.2,87.2,-0.1,-5.7,-2.92,799,55,0,1994,354,9.00,0,2,.,2,.,.,.,.,.,.,.,.,0.62,0.15,0.77,.,23.2,.,.,.,.,.,.,.,.,.,.,.,.,23.2,.,.,.,.,.,.,20,22.8,24.4,-0.05,-0.05,-0.26,0.06,.,0.13886364,.,0.13886364,.,.,.,.,.,.,.,.,.,.,.,.,.,.,.,.,.,-0.2,-5.7,-2.95,85.2,89.2,87.2,-0.1,-5.7,-2.93,578,45,0,1994,354,9.00,0,2,.,2,.,.,.,.,.,.,.,.,0.51,0.15,0.66,.,20.9,.,.,.,.,.,.,.,.,.,.,.,.,20.9,.,.,.,.,.,.,32.9,20.7,21.4,-0.2,-0.2,-0.99,0.26,.,0.168436452,.,0.168436452,.,.,.,.,.,.,.,.,.,.,.,.,.,.,.,.,.,-0.2,-5.7,-2.95,85.2,89.2,87.2,-0.2,-5.7,-2.953,367,45,0,1994,354,10.00,-2,1,.,3,.,.,.,.,.,.,.,.,0.62,0.15,0.77,.,22,.,.,.,.,.,.,.,.,.,.,.,.,22,.,.,.,.,.,.,31.3,21.8,23.4,-0.09,-0.09,-0.49,0.1,.,0.154292933,.,0.154292933,.,.,.,.,.,.,.,.,.,.,.,.,.,.,.,.,.,-0.2,-4.1,-2.15,85.2,85.8,85.5,-0.1,-4.1,-2.13,761,35,0,1994,354,10.00,0,2,.,2,.,.,.,.,.,.,.,.,1.06,0.15,1.21,.,21.3,.,.,.,.,.,.,.,.,.,.,.,.,21.3,.,.,.,.,.,.,31.4,20.9,25.9,0.04,0.1,0.01,0.05,.,0.163293354,.,0.163293354,.,.,.,.,.,.,.,.,.,.,.,.,.,.,.,.,.,-0.2,-4.1,-2.15,85.2,85.8,85.5,-0.1,-4.1,-2.13,1515,45,1,1994,354,10.00,-1,2,.,2,.,.,.,.,.,.,.,.,0.58,0.15,0.73,.,22.7,.,.,.,.,.,.,.,.,.,.,.,.,22.7,.,.,.,.,.,.,29.7,22.5,23.7,-0.07,-0.07,-0.39,0.08,.,0.145292512,.,0.145292512,.,.,.,.,.,.,.,.,.,.,.,.,.,.,.,.,.,-0.2,-4.1,-2.15,85.2,85.8,85.5,-0.1,-4.1,-2.13,1687,25,1,1994,354,10.00,-1,2,.,3,.,.,.,.,.,.,.,.,0.42,0.15,0.57,.,22.3,.,.,.,.,.,.,.,.,.,.,.,.,22.3,.,.,.,.,.,.,33.6,22.1,22.1,-0.16,-0.16,-0.82,0.19,.,0.15043561,.,0.15043561,.,.,.,.,.,.,.,.,.,.,.,.,.,.,.,.,.,-0.2,-4.1,-2.15,85.2,85.8,85.5,-0.2,-4.1,-2.153,1824,25,1,1994,354,10.00,0,2,.,3,.,.,.,.,.,.,.,.,1.07,0.15,1.22,.,22.7,.,.,.,.,.,.,.,.,.,.,.,.,22.7,.,.,.,.,.,.,28.4,22.1,27.1,0.27,0.44,0.28,0.07,.,0.145292512,.,0.145292512,.,.,.,.,.,.,.,.,.,.,.,.,.,.,.,.,.,-0.2,-4.1,-2.15,85.2,85.8,85.5,-0.1,-4.1,-2.11,312,45,1,1994,354,14.00,1,2,.,1,.,.,.,.,.,.,.,.,0.75,0.15,0.9,.,22.3,.,.,.,.,.,.,.,.,.,.,.,.,22.3,.,.,.,.,.,.,17.4,21.9,24.5,-0.04,-0.04,-0.28,0.07,.,0.15043561,.,0.15043561,.,.,.,.,.,.,.,.,.,.,.,.,.,.,.,.,.,-0.2,-0.3,-0.25,85.2,83.4,84.3,-0.1,-0.3,-0.21,506,45,0,1994,354,14.00,0,2,.,2,.,.,.,.,.,.,.,.,0.72,0.15,0.87,.,22.3,.,.,.,.,.,.,.,.,.,.,.,.,22.3,.,.,.,.,.,.,17.4,21.9,24.2,-0.05,-0.05,-0.33,0.07,.,0.15043561,.,0.15043561,.,.,.,.,.,.,.,.,.,.,.,.,.,.,.,.,.,-0.2,-0.3,-0.25,85.2,83.4,84.3,-0.1,-0.3,-0.21,639,35,0,1994,354,14.00,-1,2,.,2,.,.,.,.,.,.,.,.,0.7,0.15,0.85,.,22.3,.,.,.,.,.,.,.,.,.,.,.,.,22.3,.,.,.,.,.,.,17.4,21.9,24.1,-0.06,-0.06,-0.36,0.08,.,0.15043561,.,0.15043561,.,.,.,.,.,.,.,.,.,.,.,.,.,.,.,.,.,-0.2,-0.3,-0.25,85.2,83.4,84.3,-0.1,-0.3,-0.22,128,25,1,1994,354,14.00,-2,1,.,3,.,.,.,.,.,.,.,.,0.47,0.15,0.62,.,23.2,.,.,.,.,.,.,.,.,.,.,.,.,23.2,.,.,.,.,.,.,20.7,22.8,23.2,-0.1,-0.1,-0.53,0.11,.,0.13886364,.,0.13886364,.,.,.,.,.,.,.,.,.,.,.,.,.,.,.,.,.,-0.2,-0.3,-0.25,85.2,83.4,84.3,-0.2,-0.3,-0.253,368,45,0,1994,354,14.00,-1,2,.,3,.,.,.,.,.,.,.,.,0.62,0.15,0.77,.,22.3,.,.,.,.,.,.,.,.,.,.,.,.,22.3,.,.,.,.,.,.,33.4,22.1,23.7,-0.07,-0.07,-0.4,0.08,.,0.15043561,.,0.15043561,.,.,.,.,.,.,.,.,.,.,.,.,.,.,.,.,.,-0.2,-0.3,-0.25,85.2,83.4,84.3,-0.1,-0.3,-0.23,630,55,0,1994,354,14.00,-1,2,.,2,.,.,.,.,.,.,.,.,1.4,0.15,1.55,.,22,.,.,.,.,.,.,.,.,.,.,.,.,22,.,.,.,.,.,.,27.9,21.2,28.5,0.47,0.84,0.46,0.09,.,0.154292933,.,0.154292933,.,.,.,.,.,.,.,.,.,.,.,.,.,.,.,.,.,-0.2,-0.3,-0.25,85.2,83.4,84.3,-0.1,-0.2,-0.153,762,35,0,1994,354,14.00,0,2,.,2,.,.,.,.,.,.,.,.,1.06,0.15,1.21,.,22,.,.,.,.,.,.,.,.,.,.,.,.,22,.,.,.,.,.,.,27.9,21.5,26.4,0.15,0.26,0.13,0.05,.,0.154292933,.,0.154292933,.,.,.,.,.,.,.,.,.,.,.,.,.,.,.,.,.,-0.2,-0.3,-0.25,85.2,83.4,84.3,-0.1,-0.2,-0.153,1101,35,1,1994,354,14.00,-2,1,.,3,.,.,.,.,.,.,.,.,0.94,0.15,1.09,.,22.3,.,.,.,.,.,.,.,.,.,.,.,.,22.3,.,.,.,.,.,.,37.4,22,26.1,0.09,0.17,0.11,0.05,.,0.15043561,.,0.15043561,.,.,.,.,.,.,.,.,.,.,.,.,.,.,.,.,.,-0.2,-0.3,-0.25,85.2,83.4,84.3,-0.1,-0.3,-0.23,1583,.,.,1994,354,14.00,0,2,.,2,.,.,.,.,.,.,.,.,1.06,0.15,1.21,.,22.7,.,.,.,.,.,.,.,.,.,.,.,.,22.7,.,.,.,.,.,.,30.4,22.1,27,0.27,0.44,0.29,0.07,.,0.145292512,.,0.145292512,.,.,.,.,.,.,.,.,.,.,.,.,.,.,.,.,.,-0.2,-0.3,-0.25,85.2,83.4,84.3,-0.1,-0.2,-0.153,1688,25,1,1994,354,14.00,0,2,.,2,.,.,.,.,.,.,.,.,0.47,0.15,0.62,.,22.3,.,.,.,.,.,.,.,.,.,.,.,.,22.3,.,.,.,.,.,.,37.4,22.1,22.5,-0.13,-0.13,-0.68,0.15,.,0.15043561,.,0.15043561,.,.,.,.,.,.,.,.,.,.,.,.,.,.,.,.,.,-0.2,-0.3,-0.25,85.2,83.4,84.3,-0.2,-0.3,-0.251,69,45,0,1994,354,15.00,-1,2,.,2,.,.,.,.,.,.,.,.,1.61,0.15,1.76,.,22,.,.,.,.,.,.,.,.,.,.,.,.,22,.,.,.,.,.,.,18.4,20.7,29.4,0.59,1.08,0.56,0.12,.,0.154292933,.,0.154292933,.,.,.,.,.,.,.,.,.,.,.,.,.,.,.,.,.,-0.2,-0.2,-0.2,85.2,85.2,85.2,-0.1,-0.1,-0.11,234,45,0,1994,354,15.00,0,2,.,2,.,.,.,.,.,.,.,.,0.96,0.15,1.11,.,22,.,.,.,.,.,.,.,.,.,.,.,.,22,.,.,.,.,.,.,18.4,21.4,25.6,0,0,-0.04,0.05,.,0.154292933,.,0.154292933,.,.,.,.,.,.,.,.,.,.,.,.,.,.,.,.,.,-0.2,-0.2,-0.2,85.2,85.2,85.2,-0.1,-0.1,-0.13,62,35,0,1994,354,15.00,0,2,.,2,.,.,.,.,.,.,.,.,0.83,0.15,0.98,.,23.8,.,.,.,.,.,.,.,.,.,.,.,.,23.8,.,.,.,.,.,.,23,23.1,26.3,0.17,0.25,0.21,0.06,.,0.131148993,.,0.131148993,.,.,.,.,.,.,.,.,.,.,.,.,.,.,.,.,.,-0.2,-0.2,-0.2,85.2,85.2,85.2,-0.1,-0.1,-0.13,832,25,1,1994,354,15.00,0,2,.,2,.,.,.,.,.,.,.,.,0.75,0.15,0.9,.,23.8,.,.,.,.,.,.,.,.,.,.,.,.,23.8,.,.,.,.,.,.,23,23.2,25.8,0.06,0.11,0.11,0.05,.,0.131148993,.,0.131148993,.,.,.,.,.,.,.,.,.,.,.,.,.,.,.,.,.,-0.2,-0.2,-0.2,85.2,85.2,85.2,-0.1,-0.1,-0.13,1825,25,1,1994,354,15.00,0,2,.,2,.,.,.,.,.,.,.,.,1.07,0.15,1.22,.,22.7,.,.,.,.,.,.,.,.,.,.,.,.,22.7,.,.,.,.,.,.,30.9,22.1,27.1,0.28,0.47,0.3,0.07,.,0.145292512,.,0.145292512,.,.,.,.,.,.,.,.,.,.,.,.,.,.,.,.,.,-0.2,-0.2,-0.2,85.2,85.2,85.2,-0.1,-0.1,-0.13,2020,25,1,1994,354,15.00,0,2,.,2,.,.,.,.,.,.,.,.,0.63,0.15,0.78,.,22.3,.,.,.,.,.,.,.,.,.,.,.,.,22.3,.,.,.,.,.,.,33.4,22.1,23.7,-0.07,-0.07,-0.38,0.08,.,0.15043561,.,0.15043561,.,.,.,.,.,.,.,.,.,.,.,.,.,.,.,.,.,-0.2,-0.2,-0.2,85.2,85.2,85.2,-0.1,-0.1,-0.11,438,45,0,1994,355,10.00,0,2,.,2,.,.,.,.,.,.,.,.,0.66,0.15,0.81,.,22.3,.,.,.,.,.,.,.,.,.,.,.,.,22.3,.,.,.,.,.,.,20.8,22,23.8,-0.07,-0.07,-0.4,0.08,.,0.15043561,.,0.15043561,.,.,.,.,.,.,.,.,.,.,.,.,.,.,.,.,.,8.6,3.6,6.1,55.6,73.8,64.7,8.6,3.6,6.12,533,45,1,1994,355,10.00,0,2,.,2,.,.,.,.,.,.,.,.,0.96,0.15,1.11,.,23.6,.,.,.,.,.,.,.,.,.,.,.,.,23.6,.,.,.,.,.,.,18,22.7,26.8,0.26,0.38,0.28,0.07,.,0.133720542,.,0.133720542,.,.,.,.,.,.,.,.,.,.,.,.,.,.,.,.,.,8.6,3.6,6.1,55.6,73.8,64.7,8.6,3.7,6.152,569,35,0,1994,355,10.00,-1,2,.,2,.,.,.,.,.,.,.,.,1.06,0.15,1.21,.,23.6,.,.,.,.,.,.,.,.,.,.,.,.,23.6,.,.,.,.,.,.,18,22.6,27.4,0.36,0.54,0.39,0.08,.,0.133720542,.,0.133720542,.,.,.,.,.,.,.,.,.,.,.,.,.,.,.,.,.,8.6,3.6,6.1,55.6,73.8,64.7,8.6,3.7,6.152,713,45,0,1994,355,10.00,0,2,.,2,.,.,.,.,.,.,.,.,0.64,0.15,0.79,.,23.6,.,.,.,.,.,.,.,.,.,.,.,.,23.6,.,.,.,.,.,.,18,23.2,24.9,-0.02,-0.02,-0.14,0.05,.,0.133720542,.,0.133720542,.,.,.,.,.,.,.,.,.,.,.,.,.,.,.,.,.,8.6,3.6,6.1,55.6,73.8,64.7,8.6,3.6,6.13,1102,35,1,1994,355,10.00,-1,2,.,2,.,.,.,.,.,.,.,.,0.97,0.15,1.12,.,22.3,.,.,.,.,.,.,.,.,.,.,.,.,22.3,.,.,.,.,.,.,34.2,21.9,26.2,0.12,0.21,0.13,0.05,.,0.15043561,.,0.15043561,.,.,.,.,.,.,.,.,.,.,.,.,.,.,.,.,.,8.6,3.6,6.1,55.6,73.8,64.7,8.6,3.7,6.153,1195,45,1,1994,355,10.00,0,2,.,2,.,.,.,.,.,.,.,.,0.59,0.15,0.74,.,23.4,.,.,.,.,.,.,.,.,.,.,.,.,23.4,.,.,.,.,.,.,31.8,23.2,24.5,-0.04,-0.04,-0.18,0.06,.,0.136292091,.,0.136292091,.,.,.,.,.,.,.,.,.,.,.,.,.,.,.,.,.,8.6,3.6,6.1,55.6,73.8,64.7,8.6,3.6,6.13,1308,25,1,1994,355,10.00,2,1,.,2,.,.,.,.,.,.,.,.,0.71,0.15,0.86,.,23.4,.,.,.,.,.,.,.,.,.,.,.,.,23.4,.,.,.,.,.,.,31.8,23.1,25.3,0,0,0.01,0.05,.,0.136292091,.,0.136292091,.,.,.,.,.,.,.,.,.,.,.,.,.,.,.,.,.,8.6,3.6,6.1,55.6,73.8,64.7,8.6,3.6,6.11,313,45,1,1994,355,11.00,1,2,.,2,.,.,.,.,.,.,.,.,0.25,0.15,0.4,.,22.7,.,.,.,.,.,.,.,.,.,.,.,.,22.7,.,.,.,.,.,.,20.9,22.3,20.8,-0.25,-0.25,-1.22,0.36,.,0.145292512,.,0.145292512,.,.,.,.,.,.,.,.,.,.,.,.,.,.,.,.,.,8.6,4.6,6.6,55.6,68.7,62.15,8.6,4.6,6.61,584,35,0,1994,355,11.00,1,2,.,2,.,.,.,.,.,.,.,.,0.62,0.15,0.77,.,22.7,.,.,.,.,.,.,.,.,.,.,.,.,22.7,.,.,.,.,.,.,20.9,22.4,23.9,-0.07,-0.07,-0.37,0.08,.,0.145292512,.,0.145292512,.,.,.,.,.,.,.,.,.,.,.,.,.,.,.,.,.,8.6,4.6,6.6,55.6,68.7,62.15,8.6,4.6,6.61,640,35,0,1994,355,11.00,-1,2,.,2,.,.,.,.,.,.,.,.,0.49,0.15,0.64,.,22.7,.,.,.,.,.,.,.,.,.,.,.,.,22.7,.,.,.,.,.,.,20.9,22.4,22.9,-0.12,-0.12,-0.63,0.13,.,0.145292512,.,0.145292512,.,.,.,.,.,.,.,.,.,.,.,.,.,.,.,.,.,8.6,4.6,6.6,55.6,68.7,62.15,8.6,4.6,6.62,639,45,0,1994,355,11.00,1,2,.,1,.,.,.,.,.,.,.,.,0.72,0.15,0.87,.,23.6,.,.,.,.,.,.,.,.,.,.,.,.,23.6,.,.,.,.,.,.,19.8,23.1,25.4,0,0,0,0.05,.,0.133720542,.,0.133720542,.,.,.,.,.,.,.,.,.,.,.,.,.,.,.,.,.,8.6,4.6,6.6,55.6,68.7,62.15,8.6,4.6,6.62,801,55,0,1994,355,11.00,1,2,.,2,.,.,.,.,.,.,.,.,0.62,0.15,0.77,.,23.6,.,.,.,.,.,.,.,.,.,.,.,.,23.6,.,.,.,.,.,.,19.8,23.2,24.7,-0.03,-0.03,-0.16,0.06,.,0.133720542,.,0.133720542,.,.,.,.,.,.,.,.,.,.,.,.,.,.,.,.,.,8.6,4.6,6.6,55.6,68.7,62.15,8.6,4.6,6.63,763,35,0,1994,355,11.00,1,2,.,2,.,.,.,.,.,.,.,.,1.06,0.15,1.21,.,22,.,.,.,.,.,.,.,.,.,.,.,.,22,.,.,.,.,.,.,29.4,21.5,26.5,0.15,0.27,0.14,0.05,.,0.154292933,.,0.154292933,.,.,.,.,.,.,.,.,.,.,.,.,.,.,.,.,.,8.6,4.6,6.6,55.6,68.7,62.15,8.6,4.6,6.63,1250,35,0,1994,355,11.00,0,2,.,2,.,.,.,.,.,.,.,.,0.64,0.15,0.79,.,23.4,.,.,.,.,.,.,.,.,.,.,.,.,23.4,.,.,.,.,.,.,31.3,23.2,24.8,-0.02,-0.02,-0.1,0.05,.,0.136292091,.,0.136292091,.,.,.,.,.,.,.,.,.,.,.,.,.,.,.,.,.,8.6,4.6,6.6,55.6,68.7,62.15,8.6,4.6,6.63,1383,25,1,1994,355,11.00,1,2,.,2,.,.,.,.,.,.,.,.,0.97,0.15,1.12,.,23.4,.,.,.,.,.,.,.,.,.,.,.,.,23.4,.,.,.,.,.,.,31.3,22.8,27.1,0.29,0.45,0.34,0.07,.,0.136292091,.,0.136292091,.,.,.,.,.,.,.,.,.,.,.,.,.,.,.,.,.,8.6,4.6,6.6,55.6,68.7,62.15,8.6,4.6,6.63,1862,65,0,1994,355,11.00,1,2,.,2,.,.,.,.,.,.,.,.,0.64,0.15,0.79,.,23.4,.,.,.,.,.,.,.,.,.,.,.,.,23.4,.,.,.,.,.,.,31.3,23.2,24.8,-0.02,-0.02,-0.1,0.05,.,0.136292091,.,0.136292091,.,.,.,.,.,.,.,.,.,.,.,.,.,.,.,.,.,8.6,4.6,6.6,55.6,68.7,62.15,8.6,4.6,6.61,439,45,0,1994,355,15.00,0,2,.,2,.,.,.,.,.,.,.,.,0.66,0.15,0.81,.,23.8,.,.,.,.,.,.,.,.,.,.,.,.,23.8,.,.,.,.,.,.,20.5,23.3,25.2,-0.01,-0.01,-0.04,0.05,.,0.131148993,.,0.131148993,.,.,.,.,.,.,.,.,.,.,.,.,.,.,.,.,.,8.6,8.6,8.6,55.6,55.6,55.6,8.6,8.6,8.62,129,25,1,1994,355,15.00,0,2,.,2,.,.,.,.,.,.,.,.,0.59,0.15,0.74,.,23.2,.,.,.,.,.,.,.,.,.,.,.,.,23.2,.,.,.,.,.,.,19.1,22.8,24.1,-0.06,-0.06,-0.31,0.07,.,0.13886364,.,0.13886364,.,.,.,.,.,.,.,.,.,.,.,.,.,.,.,.,.,8.6,8.6,8.6,55.6,55.6,55.6,8.6,8.6,8.63,1309,25,1,1994,355,15.00,2,1,.,2,.,.,.,.,.,.,.,.,1.39,0.15,1.54,.,24.1,.,.,.,.,.,.,.,.,.,.,.,.,24.1,.,.,.,.,.,.,30.8,23.1,30.1,0.74,1.33,0.83,0.2,.,0.12729167,.,0.12729167,.,.,.,.,.,.,.,.,.,.,.,.,.,.,.,.,.,8.6,8.6,8.6,55.6,55.6,55.6,8.6,8.6,8.63,1384,25,1,1994,355,15.00,-1,2,.,2,.,.,.,.,.,.,.,.,1.02,0.15,1.17,.,24.1,.,.,.,.,.,.,.,.,.,.,.,.,24.1,.,.,.,.,.,.,30.8,23.4,27.9,0.45,0.7,0.53,0.11,.,0.12729167,.,0.12729167,.,.,.,.,.,.,.,.,.,.,.,.,.,.,.,.,.,8.6,8.6,8.6,55.6,55.6,55.6,8.6,8.6,8.63,416,45,0,1994,355,16.00,-1,2,.,2,.,.,.,.,.,.,.,.,0.72,0.15,0.87,.,23,.,.,.,.,.,.,.,.,.,.,.,.,23,.,.,.,.,.,.,29.9,22.7,25,-0.01,-0.01,-0.08,0.05,.,0.141435189,.,0.141435189,.,.,.,.,.,.,.,.,.,.,.,.,.,.,.,.,.,8.6,8.2,8.4,55.6,59.4,57.5,8.6,8.2,8.41,314,45,1,1994,356,11.00,0,2,.,2,.,.,.,.,.,.,.,.,1.04,0.15,1.19,.,22.3,.,.,.,.,.,.,.,.,.,.,.,.,22.3,.,.,.,.,.,.,21.4,21.6,26.4,0.15,0.25,0.13,0.05,.,0.15043561,.,0.15043561,.,.,.,.,.,.,.,.,.,.,.,.,.,.,.,.,.,6.9,2.8,4.85,64.7,78.9,71.8,6.9,2.9,4.91,440,45,0,1994,356,11.00,0,2,.,2,.,.,.,.,.,.,.,.,0.66,0.15,0.81,.,22.3,.,.,.,.,.,.,.,.,.,.,.,.,22.3,.,.,.,.,.,.,21.4,22,23.8,-0.07,-0.07,-0.4,0.08,.,0.15043561,.,0.15043561,.,.,.,.,.,.,.,.,.,.,.,.,.,.,.,.,.,6.9,2.8,4.85,64.7,78.9,71.8,6.9,2.9,4.91,585,35,0,1994,356,11.00,1,2,.,1,.,.,.,.,.,.,.,.,0.62,0.15,0.77,.,22.3,.,.,.,.,.,.,.,.,.,.,.,.,22.3,.,.,.,.,.,.,21.4,22,23.5,-0.09,-0.09,-0.47,0.1,.,0.15043561,.,0.15043561,.,.,.,.,.,.,.,.,.,.,.,.,.,.,.,.,.,6.9,2.8,4.85,64.7,78.9,71.8,6.9,2.9,4.92,481,55,1,1994,356,11.00,0,2,.,2,.,.,.,.,.,.,.,.,1.02,0.15,1.17,.,23.6,.,.,.,.,.,.,.,.,.,.,.,.,23.6,.,.,.,.,.,.,19,22.7,27.2,0.33,0.49,0.35,0.08,.,0.133720542,.,0.133720542,.,.,.,.,.,.,.,.,.,.,.,.,.,.,.,.,.,6.9,2.8,4.85,64.7,78.9,71.8,6.9,2.9,4.92,570,35,0,1994,356,11.00,-1,2,.,2,.,.,.,.,.,.,.,.,0.72,0.15,0.87,.,23.6,.,.,.,.,.,.,.,.,.,.,.,.,23.6,.,.,.,.,.,.,19,23,25.4,0,0,-0.01,0.05,.,0.133720542,.,0.133720542,.,.,.,.,.,.,.,.,.,.,.,.,.,.,.,.,.,6.9,2.8,4.85,64.7,78.9,71.8,6.9,2.9,4.92,641,45,0,1994,356,11.00,0,2,.,2,.,.,.,.,.,.,.,.,0.7,0.15,0.85,.,23.6,.,.,.,.,.,.,.,.,.,.,.,.,23.6,.,.,.,.,.,.,19,23.1,25.2,-0.01,-0.01,-0.04,0.05,.,0.133720542,.,0.133720542,.,.,.,.,.,.,.,.,.,.,.,.,.,.,.,.,.,6.9,2.8,4.85,64.7,78.9,71.8,6.9,2.9,4.92,803,55,0,1994,356,11.00,0,2,.,2,.,.,.,.,.,.,.,.,0.62,0.15,0.77,.,23.6,.,.,.,.,.,.,.,.,.,.,.,.,23.6,.,.,.,.,.,.,19,23.2,24.7,-0.03,-0.03,-0.16,0.06,.,0.133720542,.,0.133720542,.,.,.,.,.,.,.,.,.,.,.,.,.,.,.,.,.,6.9,2.8,4.85,64.7,78.9,71.8,6.9,2.9,4.93,369,45,0,1994,356,11.00,2,1,.,2,.,.,.,.,.,.,.,.,0.69,0.15,0.84,.,24.1,.,.,.,.,.,.,.,.,.,.,.,.,24.1,.,.,.,.,.,.,25.8,23.6,25.7,0.04,0.09,0.11,0.05,.,0.12729167,.,0.12729167,.,.,.,.,.,.,.,.,.,.,.,.,.,.,.,.,.,6.9,2.8,4.85,64.7,78.9,71.8,6.9,2.9,4.93,765,35,0,1994,356,11.00,0,2,.,2,.,.,.,.,.,.,.,.,0.74,0.15,0.89,.,22,.,.,.,.,.,.,.,.,.,.,.,.,22,.,.,.,.,.,.,28.9,21.8,24.2,-0.05,-0.05,-0.29,0.07,.,0.154292933,.,0.154292933,.,.,.,.,.,.,.,.,.,.,.,.,.,.,.,.,.,6.9,2.8,4.85,64.7,78.9,71.8,6.9,2.9,4.93,1103,35,1,1994,356,11.00,-2,1,.,3,.,.,.,.,.,.,.,.,1.05,0.15,1.2,.,23,.,.,.,.,.,.,.,.,.,.,.,.,23,.,.,.,.,.,.,33.7,22.5,27.3,0.32,0.52,0.36,0.08,.,0.141435189,.,0.141435189,.,.,.,.,.,.,.,.,.,.,.,.,.,.,.,.,.,6.9,2.8,4.85,64.7,78.9,71.8,6.9,2.9,4.93,1146,.,.,1994,356,11.00,0,2,.,2,.,.,.,.,.,.,.,.,0.54,0.15,0.69,.,23.8,.,.,.,.,.,.,.,.,.,.,.,.,23.8,.,.,.,.,.,.,30.8,23.6,24.5,-0.04,-0.04,-0.17,0.06,.,0.131148993,.,0.131148993,.,.,.,.,.,.,.,.,.,.,.,.,.,.,.,.,.,6.9,2.8,4.85,64.7,78.9,71.8,6.9,2.9,4.93,1689,25,1,1994,356,11.00,-1,2,.,3,.,.,.,.,.,.,.,.,0.75,0.15,0.9,.,23,.,.,.,.,.,.,.,.,.,.,.,.,23,.,.,.,.,.,.,33.7,22.7,25.3,-0.01,-0.01,-0.01,0.05,.,0.141435189,.,0.141435189,.,.,.,.,.,.,.,.,.,.,.,.,.,.,.,.,.,6.9,2.8,4.85,64.7,78.9,71.8,6.9,2.9,4.94,68,35,1,1994,356,11.00,-1,2,.,3,.,.,.,.,.,.,.,.,0.42,0.15,0.57,.,24.1,.,.,.,.,.,.,.,.,.,.,.,.,24.1,.,.,.,.,.,.,18.4,23.7,23.6,-0.08,-0.08,-0.4,0.08,.,0.12729167,.,0.12729167,.,.,.,.,.,.,.,.,.,.,.,.,.,.,.,.,.,6.9,2.8,4.85,64.7,78.9,71.8,6.9,2.9,4.92,534,45,1,1994,356,12.00,0,2,.,2,.,.,.,.,.,.,.,.,0.41,0.15,0.56,.,23.6,.,.,.,.,.,.,.,.,.,.,.,.,23.6,.,.,.,.,.,.,19,23.2,23.1,-0.11,-0.11,-0.56,0.12,.,0.133720542,.,0.133720542,.,.,.,.,.,.,.,.,.,.,.,.,.,.,.,.,.,6.9,4.1,5.5,64.7,72.8,68.75,6.9,4.1,5.53,1252,35,0,1994,356,12.00,0,2,.,2,.,.,.,.,.,.,.,.,0.96,0.15,1.11,.,23.8,.,.,.,.,.,.,.,.,.,.,.,.,23.8,.,.,.,.,.,.,30.8,23.2,27.3,0.34,0.53,0.41,0.09,.,0.131148993,.,0.131148993,.,.,.,.,.,.,.,.,.,.,.,.,.,.,.,.,.,6.9,4.1,5.5,64.7,72.8,68.75,6.9,4.1,5.53,1941,.,.,1994,356,12.00,0,2,.,2,.,.,.,.,.,.,.,.,0.76,0.15,0.91,.,23,.,.,.,.,.,.,.,.,.,.,.,.,23,.,.,.,.,.,.,33.7,22.7,25.4,0,0,0,0.05,.,0.141435189,.,0.141435189,.,.,.,.,.,.,.,.,.,.,.,.,.,.,.,.,.,6.9,4.1,5.5,64.7,72.8,68.75,6.9,4.1,5.52,482,55,1,1994,356,16.00,0,2,.,2,.,.,.,.,.,.,.,.,0.88,0.15,1.03,.,23.6,.,.,.,.,.,.,.,.,.,.,.,.,23.6,.,.,.,.,.,.,19,22.8,26.4,0.18,0.26,0.2,0.06,.,0.133720542,.,0.133720542,.,.,.,.,.,.,.,.,.,.,.,.,.,.,.,.,.,6.9,6.9,6.9,64.7,64.7,64.7,6.9,6.9,6.92,804,55,0,1994,356,16.00,0,2,.,2,.,.,.,.,.,.,.,.,0.7,0.15,0.85,.,23.6,.,.,.,.,.,.,.,.,.,.,.,.,23.6,.,.,.,.,.,.,19,23.1,25.2,-0.01,-0.01,-0.04,0.05,.,0.133720542,.,0.133720542,.,.,.,.,.,.,.,.,.,.,.,.,.,.,.,.,.,6.9,6.9,6.9,64.7,64.7,64.7,6.9,6.9,6.93,64,35,0,1994,356,16.00,0,2,.,2,.,.,.,.,.,.,.,.,0.62,0.15,0.77,.,23.8,.,.,.,.,.,.,.,.,.,.,.,.,23.8,.,.,.,.,.,.,23,23.4,24.9,-0.02,-0.02,-0.09,0.05,.,0.131148993,.,0.131148993,.,.,.,.,.,.,.,.,.,.,.,.,.,.,.,.,.,6.9,6.9,6.9,64.7,64.7,64.7,6.9,6.9,6.93,370,45,0,1994,356,16.00,2,1,.,1,.,.,.,.,.,.,.,.,0.74,0.15,0.89,.,23,.,.,.,.,.,.,.,.,.,.,.,.,23,.,.,.,.,.,.,29.8,22.7,25.2,-0.01,-0.01,-0.05,0.05,.,0.141435189,.,0.141435189,.,.,.,.,.,.,.,.,.,.,.,.,.,.,.,.,.,6.9,6.9,6.9,64.7,64.7,64.7,6.9,6.9,6.93,1104,35,1,1994,356,16.00,-3,1,.,3,.,.,.,.,.,.,.,.,1.1,0.15,1.25,.,22.3,.,.,.,.,.,.,.,.,.,.,.,.,22.3,.,.,.,.,.,.,35.8,21.9,27.1,0.27,0.46,0.28,0.07,.,0.15043561,.,0.15043561,.,.,.,.,.,.,.,.,.,.,.,.,.,.,.,.,.,6.9,6.9,6.9,64.7,64.7,64.7,6.9,6.9,6.93,1253,35,0,1994,357,12.00,0,2,.,2,.,.,.,.,.,.,.,.,0.62,0.15,0.77,.,23.8,.,.,.,.,.,.,.,.,.,.,.,.,23.8,.,.,.,.,.,.,27.2,23.5,25,-0.01,-0.01,-0.06,0.05,.,0.131148993,.,0.131148993,.,.,.,.,.,.,.,.,.,.,.,.,.,.,.,.,.,3.2,2.5,2.85,87.2,89.4,88.3,3.3,2.6,2.953,1864,65,0,1994,357,12.00,1,2,.,2,.,.,.,.,.,.,.,.,0.64,0.15,0.79,.,23.8,.,.,.,.,.,.,.,.,.,.,.,.,23.8,.,.,.,.,.,.,27.2,23.4,25.1,-0.01,-0.01,-0.03,0.05,.,0.131148993,.,0.131148993,.,.,.,.,.,.,.,.,.,.,.,.,.,.,.,.,.,3.2,2.5,2.85,87.2,89.4,88.3,3.3,2.6,2.952,805,55,0,1994,357,13.00,0,2,.,2,.,.,.,.,.,.,.,.,0.7,0.15,0.85,.,24,.,.,.,.,.,.,.,.,.,.,.,.,24,.,.,.,.,.,.,18.9,23.4,25.5,0,0.04,0.06,0.05,.,0.128577444,.,0.128577444,.,.,.,.,.,.,.,.,.,.,.,.,.,.,.,.,.,3.2,3.2,3.2,87.2,87.2,87.2,3.3,3.3,3.33,1691,25,1,1994,357,13.00,-1,2,.,3,.,.,.,.,.,.,.,.,0.8,0.15,0.95,.,22.3,.,.,.,.,.,.,.,.,.,.,.,.,22.3,.,.,.,.,.,.,30.4,22.1,25,-0.02,-0.02,-0.12,0.05,.,0.15043561,.,0.15043561,.,.,.,.,.,.,.,.,.,.,.,.,.,.,.,.,.,3.2,3.2,3.2,87.2,87.2,87.2,3.3,3.3,3.33,298,45,0,1994,362,10.00,-1,2,.,2,.,.,.,.,.,.,.,.,0.96,0.15,1.11,.,20.6,.,.,.,.,.,.,.,.,.,.,.,.,20.6,.,.,.,.,.,.,30.3,20.4,24.6,-0.04,-0.04,-0.26,0.06,.,0.172293776,.,0.172293776,.,.,.,.,.,.,.,.,.,.,.,.,.,.,.,.,.,2.3,1.9,2.1,99.1,100.4,99.75,2.4,2,2.23,371,45,0,1994,362,10.00,-1,2,.,3,.,.,.,.,.,.,.,.,0.96,0.15,1.11,.,20.2,.,.,.,.,.,.,.,.,.,.,.,.,20.2,.,.,.,.,.,.,37,20.1,24.3,-0.05,-0.05,-0.31,0.07,.,0.177436873,.,0.177436873,.,.,.,.,.,.,.,.,.,.,.,.,.,.,.,.,.,2.3,1.9,2.1,99.1,100.4,99.75,2.4,2,2.23,632,55,0,1994,362,10.00,-1,2,.,2,.,.,.,.,.,.,.,.,0.93,0.15,1.08,.,20.2,.,.,.,.,.,.,.,.,.,.,.,.,20.2,.,.,.,.,.,.,37.5,20.1,24.1,-0.06,-0.06,-0.35,0.08,.,0.177436873,.,0.177436873,.,.,.,.,.,.,.,.,.,.,.,.,.,.,.,.,.,2.3,1.9,2.1,99.1,100.4,99.75,2.4,2,2.23,835,25,1,1994,362,10.00,0,2,.,2,.,.,.,.,.,.,.,.,0.97,0.15,1.12,.,20.9,.,.,.,.,.,.,.,.,.,.,.,.,20.9,.,.,.,.,.,.,37.2,20.8,25,-0.02,-0.02,-0.15,0.05,.,0.168436452,.,0.168436452,.,.,.,.,.,.,.,.,.,.,.,.,.,.,.,.,.,2.3,1.9,2.1,99.1,100.4,99.75,2.4,2,2.23,1865,65,0,1994,362,10.00,0,2,.,2,.,.,.,.,.,.,.,.,0.64,0.15,0.79,.,20.6,.,.,.,.,.,.,.,.,.,.,.,.,20.6,.,.,.,.,.,.,29.5,20.4,22.2,-0.15,-0.15,-0.8,0.18,.,0.172293776,.,0.172293776,.,.,.,.,.,.,.,.,.,.,.,.,.,.,.,.,.,2.3,1.9,2.1,99.1,100.4,99.75,2.4,2,2.23,1942,.,.,1994,362,10.00,-1,2,.,3,.,.,.,.,.,.,.,.,0.67,0.15,0.82,.,20.6,.,.,.,.,.,.,.,.,.,.,.,.,20.6,.,.,.,.,.,.,30.3,20.4,22.4,-0.14,-0.14,-0.74,0.17,.,0.172293776,.,0.172293776,.,.,.,.,.,.,.,.,.,.,.,.,.,.,.,.,.,2.3,1.9,2.1,99.1,100.4,99.75,2.4,2,2.23,766,35,0,1994,362,11.00,-1,2,.,3,.,.,.,.,.,.,.,.,0.62,0.15,0.77,.,19.9,.,.,.,.,.,.,.,.,.,.,.,.,19.9,.,.,.,.,.,.,34.8,19.7,21.4,-0.2,-0.2,-0.99,0.26,.,0.181294197,.,0.181294197,.,.,.,.,.,.,.,.,.,.,.,.,.,.,.,.,.,2.3,2.3,2.3,99.1,98.2,98.65,2.4,2.4,2.43,1311,25,1,1994,362,11.00,0,2,.,3,.,.,.,.,.,.,.,.,0.63,0.15,0.78,.,20.9,.,.,.,.,.,.,.,.,.,.,.,.,20.9,.,.,.,.,.,.,28.5,20.7,22.4,-0.14,-0.14,-0.75,0.17,.,0.168436452,.,0.168436452,.,.,.,.,.,.,.,.,.,.,.,.,.,.,.,.,.,2.3,2.3,2.3,99.1,98.2,98.65,2.4,2.4,2.43,135,.,.,1994,362,15.00,-3,1,.,3,.,.,.,.,.,.,.,.,0.7,0.15,0.85,.,20.2,.,.,.,.,.,.,.,.,.,.,.,.,20.2,.,.,.,.,.,.,32.7,20,22.3,-0.14,-0.14,-0.76,0.17,.,0.177436873,.,0.177436873,.,.,.,.,.,.,.,.,.,.,.,.,.,.,.,.,.,2.3,2.3,2.3,99.1,99.1,99.1,2.4,2.4,2.43,372,45,0,1994,362,15.00,0,2,.,2,.,.,.,.,.,.,.,.,0.96,0.15,1.11,.,20.2,.,.,.,.,.,.,.,.,.,.,.,.,20.2,.,.,.,.,.,.,32.7,20,24.3,-0.05,-0.05,-0.33,0.07,.,0.177436873,.,0.177436873,.,.,.,.,.,.,.,.,.,.,.,.,.,.,.,.,.,2.3,2.3,2.3,99.1,99.1,99.1,2.4,2.4,2.43,633,55,0,1994,362,15.00,0,2,.,2,.,.,.,.,.,.,.,.,0.93,0.15,1.08,.,20.9,.,.,.,.,.,.,.,.,.,.,.,.,20.9,.,.,.,.,.,.,31.9,20.7,24.6,-0.03,-0.03,-0.23,0.06,.,0.168436452,.,0.168436452,.,.,.,.,.,.,.,.,.,.,.,.,.,.,.,.,.,2.3,2.3,2.3,99.1,99.1,99.1,2.4,2.4,2.43,696,35,0,1994,362,15.00,-2,1,.,3,.,.,.,.,.,.,.,.,0.62,0.15,0.77,.,20.9,.,.,.,.,.,.,.,.,.,.,.,.,20.9,.,.,.,.,.,.,31.9,20.7,22.3,-0.14,-0.14,-0.76,0.17,.,0.168436452,.,0.168436452,.,.,.,.,.,.,.,.,.,.,.,.,.,.,.,.,.,2.3,2.3,2.3,99.1,99.1,99.1,2.4,2.4,2.43,767,35,0,1994,362,15.00,0,2,.,2,.,.,.,.,.,.,.,.,0.62,0.15,0.77,.,20.9,.,.,.,.,.,.,.,.,.,.,.,.,20.9,.,.,.,.,.,.,31.9,20.7,22.3,-0.14,-0.14,-0.76,0.17,.,0.168436452,.,0.168436452,.,.,.,.,.,.,.,.,.,.,.,.,.,.,.,.,.,2.3,2.3,2.3,99.1,99.1,99.1,2.4,2.4,2.43,1149,.,.,1994,362,15.00,-1,2,.,3,.,.,.,.,.,.,.,.,0.57,0.15,0.72,.,22,.,.,.,.,.,.,.,.,.,.,.,.,22,.,.,.,.,.,.,31.1,21.8,23,-0.11,-0.11,-0.59,0.12,.,0.154292933,.,0.154292933,.,.,.,.,.,.,.,.,.,.,.,.,.,.,.,.,.,2.3,2.3,2.3,99.1,99.1,99.1,2.4,2.4,2.43,1387,25,1,1994,362,15.00,-1,2,.,2,.,.,.,.,.,.,.,.,0.71,0.15,0.86,.,22,.,.,.,.,.,.,.,.,.,.,.,.,22,.,.,.,.,.,.,31.1,21.8,24.1,-0.06,-0.06,-0.33,0.07,.,0.154292933,.,0.154292933,.,.,.,.,.,.,.,.,.,.,.,.,.,.,.,.,.,2.3,2.3,2.3,99.1,99.1,99.1,2.4,2.4,2.43,1693,25,1,1994,362,15.00,-1,2,.,3,.,.,.,.,.,.,.,.,0.75,0.15,0.9,.,21.3,.,.,.,.,.,.,.,.,.,.,.,.,21.3,.,.,.,.,.,.,37.8,21.2,23.8,-0.07,-0.07,-0.39,0.08,.,0.163293354,.,0.163293354,.,.,.,.,.,.,.,.,.,.,.,.,.,.,.,.,.,2.3,2.3,2.3,99.1,99.1,99.1,2.4,2.4,2.43,1943,.,.,1994,362,15.00,-1,2,.,2,.,.,.,.,.,.,.,.,0.67,0.15,0.82,.,21.3,.,.,.,.,.,.,.,.,.,.,.,.,21.3,.,.,.,.,.,.,37.8,21.2,23.2,-0.1,-0.1,-0.53,0.11,.,0.163293354,.,0.163293354,.,.,.,.,.,.,.,.,.,.,.,.,.,.,.,.,.,2.3,2.3,2.3,99.1,99.1,99.1,2.4,2.4,2.43,136,.,.,1994,363,11.00,0,2,.,2,.,.,.,.,.,.,.,.,0.91,0.15,1.06,.,22,.,.,.,.,.,.,.,.,.,.,.,.,22,.,.,.,.,.,.,27.6,21.6,25.4,-0.01,-0.01,-0.05,0.05,.,0.154292933,.,0.154292933,.,.,.,.,.,.,.,.,.,.,.,.,.,.,.,.,.,-11.9,-13.8,-12.85,52.2,58.9,55.55,-12,-13.9,-12.953,206,.,.,1994,363,11.00,3,1,.,2,.,.,.,.,.,.,.,.,0.76,0.15,0.91,.,21.3,.,.,.,.,.,.,.,.,.,.,.,.,21.3,.,.,.,.,.,.,35.1,21.1,23.8,-0.07,-0.07,-0.39,0.08,.,0.163293354,.,0.163293354,.,.,.,.,.,.,.,.,.,.,.,.,.,.,.,.,.,-11.9,-13.8,-12.85,52.2,58.9,55.55,-12,-13.9,-12.953,373,45,0,1994,363,11.00,1,2,.,2,.,.,.,.,.,.,.,.,1.06,0.15,1.21,.,22,.,.,.,.,.,.,.,.,.,.,.,.,22,.,.,.,.,.,.,27.6,21.5,26.4,0.15,0.26,0.13,0.05,.,0.154292933,.,0.154292933,.,.,.,.,.,.,.,.,.,.,.,.,.,.,.,.,.,-11.9,-13.8,-12.85,52.2,58.9,55.55,-12,-13.9,-12.953,697,35,0,1994,363,11.00,0,2,.,2,.,.,.,.,.,.,.,.,0.62,0.15,0.77,.,21.3,.,.,.,.,.,.,.,.,.,.,.,.,21.3,.,.,.,.,.,.,24.3,21,22.6,-0.13,-0.13,-0.7,0.15,.,0.163293354,.,0.163293354,.,.,.,.,.,.,.,.,.,.,.,.,.,.,.,.,.,-11.9,-13.8,-12.85,52.2,58.9,55.55,-12,-13.9,-12.953,1694,25,1,1994,363,11.00,-1,2,.,3,.,.,.,.,.,.,.,.,0.97,0.15,1.12,.,21.3,.,.,.,.,.,.,.,.,.,.,.,.,21.3,.,.,.,.,.,.,35.1,21.1,25.3,-0.01,-0.01,-0.08,0.05,.,0.163293354,.,0.163293354,.,.,.,.,.,.,.,.,.,.,.,.,.,.,.,.,.,-11.9,-13.8,-12.85,52.2,58.9,55.55,-12,-13.9,-12.953,1388,25,1,1994,363,12.00,0,2,.,2,.,.,.,.,.,.,.,.,0.6,0.15,0.75,.,22.3,.,.,.,.,.,.,.,.,.,.,.,.,22.3,.,.,.,.,.,.,30.6,22.1,23.5,-0.08,-0.08,-0.45,0.09,.,0.15043561,.,0.15043561,.,.,.,.,.,.,.,.,.,.,.,.,.,.,.,.,.,-11.9,-13.6,-12.75,52.2,57.2,54.7,-12,-13.7,-12.853,207,.,.,1994,363,14.00,3,1,.,1,.,.,.,.,.,.,.,.,0.76,0.15,0.91,.,22,.,.,.,.,.,.,.,.,.,.,.,.,22,.,.,.,.,.,.,36.8,21.9,24.5,-0.04,-0.04,-0.21,0.06,.,0.154292933,.,0.154292933,.,.,.,.,.,.,.,.,.,.,.,.,.,.,.,.,.,-11.9,-12.3,-12.1,52.2,53.4,52.8,-12,-12.4,-12.23,1389,25,1,1994,363,14.00,1,2,.,2,.,.,.,.,.,.,.,.,0.6,0.15,0.75,.,22.7,.,.,.,.,.,.,.,.,.,.,.,.,22.7,.,.,.,.,.,.,33.3,22.5,23.9,-0.06,-0.06,-0.34,0.07,.,0.145292512,.,0.145292512,.,.,.,.,.,.,.,.,.,.,.,.,.,.,.,.,.,-11.9,-12.3,-12.1,52.2,53.4,52.8,-12,-12.4,-12.23,1695,25,1,1994,363,14.00,0,2,.,2,.,.,.,.,.,.,.,.,0.97,0.15,1.12,.,22,.,.,.,.,.,.,.,.,.,.,.,.,22,.,.,.,.,.,.,36.8,21.7,26,0.07,0.15,0.08,0.05,.,0.154292933,.,0.154292933,.,.,.,.,.,.,.,.,.,.,.,.,.,.,.,.,.,-11.9,-12.3,-12.1,52.2,53.4,52.8,-12,-12.4,-12.23,1867,65,0,1994,363,14.00,0,2,.,2,.,.,.,.,.,.,.,.,0.64,0.15,0.79,.,22.7,.,.,.,.,.,.,.,.,.,.,.,.,22.7,.,.,.,.,.,.,33.3,22.5,24.2,-0.05,-0.05,-0.26,0.06,.,0.145292512,.,0.145292512,.,.,.,.,.,.,.,.,.,.,.,.,.,.,.,.,.,-11.9,-12.3,-12.1,52.2,53.4,52.8,-12,-12.4,-12.23,635,55,0,1994,363,15.00,0,2,.,2,.,.,.,.,.,.,.,.,0.83,0.15,0.98,.,22,.,.,.,.,.,.,.,.,.,.,.,.,22,.,.,.,.,.,.,35,21.8,25,-0.02,-0.02,-0.12,0.05,.,0.154292933,.,0.154292933,.,.,.,.,.,.,.,.,.,.,.,.,.,.,.,.,.,-11.9,-11.9,-11.9,52.2,52.2,52.2,-12,-12,-123,1314,25,1,1994,363,15.00,1,2,.,2,.,.,.,.,.,.,.,.,0.69,0.15,0.84,.,22.7,.,.,.,.,.,.,.,.,.,.,.,.,22.7,.,.,.,.,.,.,32.2,22.5,24.6,-0.03,-0.03,-0.19,0.06,.,0.145292512,.,0.145292512,.,.,.,.,.,.,.,.,.,.,.,.,.,.,.,.,.,-11.9,-11.9,-11.9,52.2,52.2,52.2,-12,-12,-123,1390,25,1,1994,364,9.00,1,2,.,2,.,.,.,.,.,.,.,.,0.55,0.15,0.7,.,22.7,.,.,.,.,.,.,.,.,.,.,.,.,22.7,.,.,.,.,.,.,33.8,22.5,23.5,-0.08,-0.08,-0.42,0.09,.,0.145292512,.,0.145292512,.,.,.,.,.,.,.,.,.,.,.,.,.,.,.,.,.,-0.9,-18.7,-9.8,71.5,71,71.25,-0.9,-18.8,-9.851,114,35,0,1995,3,9.00,0,2,.,2,.,.,.,.,.,.,.,.,0.96,0.15,1.11,.,22.7,.,.,.,.,.,.,.,.,.,.,.,.,22.7,.,.,.,.,.,.,20.9,22,26.2,0.12,0.21,0.12,0.05,.,0.145292512,.,0.145292512,.,.,.,.,.,.,.,.,.,.,.,.,.,.,.,.,.,-3.2,4.1,0.45,68.6,72.8,70.7,-3.2,4.1,0.451,176,45,0,1995,3,9.00,-1,2,.,2,.,.,.,.,.,.,.,.,0.64,0.15,0.79,.,22.7,.,.,.,.,.,.,.,.,.,.,.,.,22.7,.,.,.,.,.,.,20.9,22.4,24.1,-0.06,-0.06,-0.34,0.07,.,0.145292512,.,0.145292512,.,.,.,.,.,.,.,.,.,.,.,.,.,.,.,.,.,-3.2,4.1,0.45,68.6,72.8,70.7,-3.2,4.1,0.451,237,45,1,1995,3,9.00,-1,2,.,2,.,.,.,.,.,.,.,.,0.25,0.15,0.4,.,22.3,.,.,.,.,.,.,.,.,.,.,.,.,22.3,.,.,.,.,.,.,21.4,21.9,20.4,-0.28,-0.28,-1.35,0.43,.,0.15043561,.,0.15043561,.,.,.,.,.,.,.,.,.,.,.,.,.,.,.,.,.,-3.2,2.8,-0.2,68.6,78.9,73.75,-3.2,2.9,-0.151,441,45,0,1995,3,9.00,0,2,.,2,.,.,.,.,.,.,.,.,0.72,0.15,0.87,.,22.7,.,.,.,.,.,.,.,.,.,.,.,.,22.7,.,.,.,.,.,.,20.9,22.4,24.6,-0.03,-0.03,-0.21,0.06,.,0.145292512,.,0.145292512,.,.,.,.,.,.,.,.,.,.,.,.,.,.,.,.,.,-3.2,4.1,0.45,68.6,72.8,70.7,-3.2,4.1,0.452,131,25,1,1995,3,9.00,0,2,.,2,.,.,.,.,.,.,.,.,0.41,0.15,0.56,.,23.6,.,.,.,.,.,.,.,.,.,.,.,.,23.6,.,.,.,.,.,.,19,23.2,23.1,-0.11,-0.11,-0.56,0.12,.,0.133720542,.,0.133720542,.,.,.,.,.,.,.,.,.,.,.,.,.,.,.,.,.,-3.2,4.1,0.45,68.6,72.8,70.7,-3.2,4.1,0.452,205,45,1,1995,3,9.00,0,2,.,2,.,.,.,.,.,.,.,.,1.29,0.15,1.44,.,23.6,.,.,.,.,.,.,.,.,.,.,.,.,23.6,.,.,.,.,.,.,19,22.4,28.8,0.56,0.91,0.59,0.12,.,0.133720542,.,0.133720542,.,.,.,.,.,.,.,.,.,.,.,.,.,.,.,.,.,-3.2,4.1,0.45,68.6,72.8,70.7,-3.2,4.2,0.52,342,45,1,1995,3,9.00,0,2,.,2,.,.,.,.,.,.,.,.,0.56,0.15,0.71,.,23.6,.,.,.,.,.,.,.,.,.,.,.,.,23.6,.,.,.,.,.,.,19,23.2,24.3,-0.05,-0.05,-0.26,0.06,.,0.133720542,.,0.133720542,.,.,.,.,.,.,.,.,.,.,.,.,.,.,.,.,.,-3.2,-4.6,-3.9,68.6,83.6,76.1,-3.2,-4.6,-3.92,571,35,0,1995,3,9.00,-1,2,.,2,.,.,.,.,.,.,.,.,0.72,0.15,0.87,.,23.6,.,.,.,.,.,.,.,.,.,.,.,.,23.6,.,.,.,.,.,.,19,23,25.4,0,0,-0.01,0.05,.,0.133720542,.,0.133720542,.,.,.,.,.,.,.,.,.,.,.,.,.,.,.,.,.,-3.2,2.8,-0.2,68.6,78.9,73.75,-3.2,2.9,-0.152,642,45,0,1995,3,9.00,0,2,.,2,.,.,.,.,.,.,.,.,0.72,0.15,0.87,.,23.6,.,.,.,.,.,.,.,.,.,.,.,.,23.6,.,.,.,.,.,.,19,23,25.4,0,0,-0.01,0.05,.,0.133720542,.,0.133720542,.,.,.,.,.,.,.,.,.,.,.,.,.,.,.,.,.,-3.2,2.8,-0.2,68.6,78.9,73.75,-3.2,2.9,-0.152,714,45,0,1995,3,9.00,1,2,.,2,.,.,.,.,.,.,.,.,0.64,0.15,0.79,.,23.6,.,.,.,.,.,.,.,.,.,.,.,.,23.6,.,.,.,.,.,.,18,23.2,24.9,-0.02,-0.02,-0.14,0.05,.,0.133720542,.,0.133720542,.,.,.,.,.,.,.,.,.,.,.,.,.,.,.,.,.,-3.2,3.6,0.2,68.6,73.8,71.2,-3.2,3.6,0.22,806,55,0,1995,3,9.00,1,2,.,2,.,.,.,.,.,.,.,.,0.7,0.15,0.85,.,24,.,.,.,.,.,.,.,.,.,.,.,.,24,.,.,.,.,.,.,18.9,23.4,25.5,0,0.04,0.06,0.05,.,0.128577444,.,0.128577444,.,.,.,.,.,.,.,.,.,.,.,.,.,.,.,.,.,-3.2,3.2,0,68.6,87.2,77.9,-3.2,3.3,0.053,698,35,0,1995,3,9.00,0,2,.,2,.,.,.,.,.,.,.,.,0.64,0.15,0.79,.,21.3,.,.,.,.,.,.,.,.,.,.,.,.,21.3,.,.,.,.,.,.,24.3,21,22.8,-0.12,-0.12,-0.66,0.14,.,0.163293354,.,0.163293354,.,.,.,.,.,.,.,.,.,.,.,.,.,.,.,.,.,-3.2,-13.8,-8.5,68.6,58.9,63.75,-3.2,-13.9,-8.553,770,35,0,1995,3,9.00,1,2,.,1,.,.,.,.,.,.,.,.,0.77,0.15,0.92,.,22,.,.,.,.,.,.,.,.,.,.,.,.,22,.,.,.,.,.,.,35,21.8,24.5,-0.04,-0.04,-0.21,0.06,.,0.154292933,.,0.154292933,.,.,.,.,.,.,.,.,.,.,.,.,.,.,.,.,.,-3.2,-11.9,-7.55,68.6,52.2,60.4,-3.2,-12,-7.63,840,25,1,1995,3,9.00,-2,1,.,3,.,.,.,.,.,.,.,.,1.04,0.15,1.19,.,21.3,.,.,.,.,.,.,.,.,.,.,.,.,21.3,.,.,.,.,.,.,29.4,20.9,25.7,0,0,-0.02,0.05,.,0.163293354,.,0.163293354,.,.,.,.,.,.,.,.,.,.,.,.,.,.,.,.,.,-3.2,-17.9,-10.55,68.6,66.2,67.4,-3.2,-18,-10.63,1438,45,0,1995,3,9.00,-1,2,.,3,.,.,.,.,.,.,.,.,1.04,0.15,1.19,.,22,.,.,.,.,.,.,.,.,.,.,.,.,22,.,.,.,.,.,.,24.3,21.4,26.2,0.11,0.2,0.09,0.05,.,0.154292933,.,0.154292933,.,.,.,.,.,.,.,.,.,.,.,.,.,.,.,.,.,-3.2,-5.1,-4.15,68.6,78.1,73.35,-3.2,-5.1,-4.153,1696,25,1,1995,3,9.00,0,2,.,2,.,.,.,.,.,.,.,.,0.75,0.15,0.9,.,22,.,.,.,.,.,.,.,.,.,.,.,.,22,.,.,.,.,.,.,36.8,21.9,24.4,-0.04,-0.04,-0.23,0.06,.,0.154292933,.,0.154292933,.,.,.,.,.,.,.,.,.,.,.,.,.,.,.,.,.,-3.2,-12.3,-7.75,68.6,53.4,61,-3.2,-12.4,-7.83,1945,.,.,1995,3,9.00,1,2,.,2,.,.,.,.,.,.,.,.,1.09,0.15,1.24,.,21.6,.,.,.,.,.,.,.,.,.,.,.,.,21.6,.,.,.,.,.,.,36.2,21.3,26.5,0.15,0.27,0.14,0.05,.,0.159436031,.,0.159436031,.,.,.,.,.,.,.,.,.,.,.,.,.,.,.,.,.,-3.2,-13.6,-8.4,68.6,57.2,62.9,-3.2,-13.7,-8.451,315,35,0,1995,3,10.00,-1,2,.,3,.,.,.,.,.,.,.,.,1.19,0.15,1.34,.,22.3,.,.,.,.,.,.,.,.,.,.,.,.,22.3,.,.,.,.,.,.,10.5,21.2,27.1,0.28,0.43,0.23,0.06,.,0.15043561,.,0.15043561,.,.,.,.,.,.,.,.,.,.,.,.,.,.,.,.,.,-3.2,-11.5,-7.35,68.6,44.2,56.4,-3.2,-11.6,-7.43,1254,35,0,1995,3,10.00,0,2,.,2,.,.,.,.,.,.,.,.,0.64,0.15,0.79,.,23.8,.,.,.,.,.,.,.,.,.,.,.,.,23.8,.,.,.,.,.,.,27.2,23.4,25.1,-0.01,-0.01,-0.03,0.05,.,0.131148993,.,0.131148993,.,.,.,.,.,.,.,.,.,.,.,.,.,.,.,.,.,-3.2,2.5,-0.35,68.6,89.4,79,-3.2,2.6,-0.33,1827,25,1,1995,3,10.00,1,2,.,2,.,.,.,.,.,.,.,.,1.07,0.15,1.22,.,22.3,.,.,.,.,.,.,.,.,.,.,.,.,22.3,.,.,.,.,.,.,31.4,21.8,26.8,0.22,0.37,0.22,0.06,.,0.15043561,.,0.15043561,.,.,.,.,.,.,.,.,.,.,.,.,.,.,.,.,.,-3.2,4.1,0.45,68.6,72.8,70.7,-3.2,4.2,0.51,238,45,1,1995,3,14.00,0,2,.,2,.,.,.,.,.,.,.,.,0.73,0.15,0.88,.,22.3,.,.,.,.,.,.,.,.,.,.,.,.,22.3,.,.,.,.,.,.,21.4,22,24.4,-0.05,-0.05,-0.29,0.07,.,0.15043561,.,0.15043561,.,.,.,.,.,.,.,.,.,.,.,.,.,.,.,.,.,-3.2,2.8,-0.2,68.6,78.9,73.75,-3.2,2.9,-0.151,442,45,0,1995,3,14.00,0,2,.,2,.,.,.,.,.,.,.,.,0.72,0.15,0.87,.,22.7,.,.,.,.,.,.,.,.,.,.,.,.,22.7,.,.,.,.,.,.,20.9,22.4,24.6,-0.03,-0.03,-0.21,0.06,.,0.145292512,.,0.145292512,.,.,.,.,.,.,.,.,.,.,.,.,.,.,.,.,.,-3.2,4.1,0.45,68.6,72.8,70.7,-3.2,4.1,0.452,132,25,1,1995,3,14.00,0,2,.,2,.,.,.,.,.,.,.,.,0.51,0.15,0.66,.,23.6,.,.,.,.,.,.,.,.,.,.,.,.,23.6,.,.,.,.,.,.,19,23.2,23.9,-0.07,-0.07,-0.36,0.08,.,0.133720542,.,0.133720542,.,.,.,.,.,.,.,.,.,.,.,.,.,.,.,.,.,-3.2,4.1,0.45,68.6,72.8,70.7,-3.2,4.1,0.452,274,35,1,1995,3,14.00,0,2,.,2,.,.,.,.,.,.,.,.,0.63,0.15,0.78,.,23.2,.,.,.,.,.,.,.,.,.,.,.,.,23.2,.,.,.,.,.,.,20.7,22.8,24.4,-0.04,-0.04,-0.23,0.06,.,0.13886364,.,0.13886364,.,.,.,.,.,.,.,.,.,.,.,.,.,.,.,.,.,-3.2,-0.2,-1.7,68.6,85.2,76.9,-3.2,-0.1,-1.652,484,55,1,1995,3,14.00,1,2,.,2,.,.,.,.,.,.,.,.,1.16,0.15,1.31,.,23.6,.,.,.,.,.,.,.,.,.,.,.,.,23.6,.,.,.,.,.,.,19,22.5,28.1,0.46,0.71,0.49,0.1,.,0.133720542,.,0.133720542,.,.,.,.,.,.,.,.,.,.,.,.,.,.,.,.,.,-3.2,6.9,1.85,68.6,64.7,66.65,-3.2,6.9,1.853,374,45,0,1995,3,14.00,-1,2,.,3,.,.,.,.,.,.,.,.,0.62,0.15,0.77,.,22,.,.,.,.,.,.,.,.,.,.,.,.,22,.,.,.,.,.,.,27.6,21.7,23.3,-0.09,-0.09,-0.51,0.1,.,0.154292933,.,0.154292933,.,.,.,.,.,.,.,.,.,.,.,.,.,.,.,.,.,-3.2,-13.8,-8.5,68.6,58.9,63.75,-3.2,-13.9,-8.553,535,55,0,1995,3,14.00,1,2,.,1,.,.,.,.,.,.,.,.,1.06,0.15,1.21,.,22.3,.,.,.,.,.,.,.,.,.,.,.,.,22.3,.,.,.,.,.,.,31.9,21.8,26.8,0.21,0.36,0.22,0.06,.,0.15043561,.,0.15043561,.,.,.,.,.,.,.,.,.,.,.,.,.,.,.,.,.,-3.2,3.2,0,68.6,82.2,75.4,-3.2,3.3,0.053,581,45,0,1995,3,14.00,0,2,.,2,.,.,.,.,.,.,.,.,0.93,0.15,1.08,.,22,.,.,.,.,.,.,.,.,.,.,.,.,22,.,.,.,.,.,.,27.9,21.6,25.6,0,0,-0.02,0.05,.,0.154292933,.,0.154292933,.,.,.,.,.,.,.,.,.,.,.,.,.,.,.,.,.,-3.2,3.2,0,68.6,82.2,75.4,-3.2,3.3,0.053,638,55,0,1995,3,14.00,-1,2,.,2,.,.,.,.,.,.,.,.,1.06,0.15,1.21,.,21.6,.,.,.,.,.,.,.,.,.,.,.,.,21.6,.,.,.,.,.,.,31.4,21.2,26.2,0.09,0.18,0.07,0.05,.,0.159436031,.,0.159436031,.,.,.,.,.,.,.,.,.,.,.,.,.,.,.,.,.,-3.2,-17.9,-10.55,68.6,66.2,67.4,-3.2,-18,-10.63,1392,25,1,1995,3,14.00,0,2,.,2,.,.,.,.,.,.,.,.,0.57,0.15,0.72,.,22.7,.,.,.,.,.,.,.,.,.,.,.,.,22.7,.,.,.,.,.,.,33.8,22.5,23.7,-0.07,-0.07,-0.39,0.08,.,0.145292512,.,0.145292512,.,.,.,.,.,.,.,.,.,.,.,.,.,.,.,.,.,-3.2,-18.7,-10.95,68.6,71,69.8,-3.2,-18.8,-113,1519,45,1,1995,3,14.00,0,2,.,2,.,.,.,.,.,.,.,.,1,0.15,1.15,.,23.8,.,.,.,.,.,.,.,.,.,.,.,.,23.8,.,.,.,.,.,.,30.8,23.2,27.6,0.38,0.59,0.45,0.09,.,0.131148993,.,0.131148993,.,.,.,.,.,.,.,.,.,.,.,.,.,.,.,.,.,-3.2,4.1,0.45,68.6,72.8,70.7,-3.2,4.2,0.53,1697,25,1,1995,3,14.00,0,2,.,2,.,.,.,.,.,.,.,.,0.75,0.15,0.9,.,22,.,.,.,.,.,.,.,.,.,.,.,.,22,.,.,.,.,.,.,36.8,21.9,24.4,-0.04,-0.04,-0.23,0.06,.,0.154292933,.,0.154292933,.,.,.,.,.,.,.,.,.,.,.,.,.,.,.,.,.,-3.2,-12.3,-7.75,68.6,53.4,61,-3.2,-12.4,-7.83,1828,25,1,1995,3,14.00,0,2,.,2,.,.,.,.,.,.,.,.,1.07,0.15,1.22,.,22.3,.,.,.,.,.,.,.,.,.,.,.,.,22.3,.,.,.,.,.,.,31.4,21.8,26.8,0.22,0.37,0.22,0.06,.,0.15043561,.,0.15043561,.,.,.,.,.,.,.,.,.,.,.,.,.,.,.,.,.,-3.2,4.1,0.45,68.6,72.8,70.7,-3.2,4.2,0.51,316,35,0,1995,3,15.00,0,2,.,2,.,.,.,.,.,.,.,.,0.85,0.15,1,.,22.3,.,.,.,.,.,.,.,.,.,.,.,.,22.3,.,.,.,.,.,.,10.5,21.8,25.1,-0.02,-0.02,-0.17,0.06,.,0.15043561,.,0.15043561,.,.,.,.,.,.,.,.,.,.,.,.,.,.,.,.,.,-3.2,-11.5,-7.35,68.6,44.2,56.4,-3.2,-11.6,-7.42,343,45,1,1995,3,15.00,-1,2,.,2,.,.,.,.,.,.,.,.,0.56,0.15,0.71,.,23.6,.,.,.,.,.,.,.,.,.,.,.,.,23.6,.,.,.,.,.,.,19,23.2,24.3,-0.05,-0.05,-0.26,0.06,.,0.133720542,.,0.133720542,.,.,.,.,.,.,.,.,.,.,.,.,.,.,.,.,.,-3.2,-4.6,-3.9,68.6,83.6,76.1,-3.2,-4.6,-3.92,572,35,0,1995,3,15.00,-2,1,.,3,.,.,.,.,.,.,.,.,1.06,0.15,1.21,.,23.6,.,.,.,.,.,.,.,.,.,.,.,.,23.6,.,.,.,.,.,.,19,22.6,27.5,0.37,0.55,0.39,0.08,.,0.133720542,.,0.133720542,.,.,.,.,.,.,.,.,.,.,.,.,.,.,.,.,.,-3.2,2.8,-0.2,68.6,78.9,73.75,-3.2,2.9,-0.152,643,45,0,1995,3,15.00,-1,2,.,2,.,.,.,.,.,.,.,.,0.7,0.15,0.85,.,23.6,.,.,.,.,.,.,.,.,.,.,.,.,23.6,.,.,.,.,.,.,19,23.1,25.2,-0.01,-0.01,-0.04,0.05,.,0.133720542,.,0.133720542,.,.,.,.,.,.,.,.,.,.,.,.,.,.,.,.,.,-3.2,2.8,-0.2,68.6,78.9,73.75,-3.2,2.9,-0.153,493,35,0,1995,3,15.00,1,2,.,2,.,.,.,.,.,.,.,.,0.43,0.15,0.58,.,23,.,.,.,.,.,.,.,.,.,.,.,.,23,.,.,.,.,.,.,32.7,22.8,22.8,-0.12,-0.12,-0.6,0.13,.,0.141435189,.,0.141435189,.,.,.,.,.,.,.,.,.,.,.,.,.,.,.,.,.,-3.2,-11.9,-7.55,68.6,52.2,60.4,-3.2,-12,-7.63,841,25,1,1995,3,15.00,-2,1,.,3,.,.,.,.,.,.,.,.,1.09,0.15,1.24,.,21.3,.,.,.,.,.,.,.,.,.,.,.,.,21.3,.,.,.,.,.,.,29.4,20.9,26.1,0.07,0.15,0.04,0.05,.,0.163293354,.,0.163293354,.,.,.,.,.,.,.,.,.,.,.,.,.,.,.,.,.,-3.2,-17.9,-10.55,68.6,66.2,67.4,-3.2,-18,-10.63,1316,25,1,1995,3,15.00,0,2,.,3,.,.,.,.,.,.,.,.,0.76,0.15,0.91,.,22.7,.,.,.,.,.,.,.,.,.,.,.,.,22.7,.,.,.,.,.,.,32.2,22.4,25.1,-0.01,-0.01,-0.08,0.05,.,0.145292512,.,0.145292512,.,.,.,.,.,.,.,.,.,.,.,.,.,.,.,.,.,-3.2,-11.9,-7.55,68.6,52.2,60.4,-3.2,-12,-7.63,1869,65,0,1995,3,15.00,0,2,.,2,.,.,.,.,.,.,.,.,0.77,0.15,0.92,.,22.7,.,.,.,.,.,.,.,.,.,.,.,.,22.7,.,.,.,.,.,.,33.3,22.4,25.1,-0.01,-0.01,-0.06,0.05,.,0.145292512,.,0.145292512,.,.,.,.,.,.,.,.,.,.,.,.,.,.,.,.,.,-3.2,-12.3,-7.75,68.6,53.4,61,-3.2,-12.4,-7.84,70,35,1,1995,3,15.00,1,2,.,1,.,.,.,.,.,.,.,.,0.7,0.15,0.85,.,24.1,.,.,.,.,.,.,.,.,.,.,.,.,24.1,.,.,.,.,.,.,18.4,23.4,25.6,0.02,0.06,0.07,0.05,.,0.12729167,.,0.12729167,.,.,.,.,.,.,.,.,.,.,.,.,.,.,.,.,.,-3.2,2.8,-0.2,68.6,78.9,73.75,-3.2,2.9,-0.151,178,45,0,1995,4,10.00,0,2,.,2,.,.,.,.,.,.,.,.,0.83,0.15,0.98,.,22.7,.,.,.,.,.,.,.,.,.,.,.,.,22.7,.,.,.,.,.,.,20.9,22.2,25.4,-0.01,-0.01,-0.05,0.05,.,0.145292512,.,0.145292512,.,.,.,.,.,.,.,.,.,.,.,.,.,.,.,.,.,-2.3,4.1,0.9,69.7,72.8,71.25,-2.3,4.1,0.91,511,35,0,1995,4,10.00,1,2,.,1,.,.,.,.,.,.,.,.,0.62,0.15,0.77,.,22.3,.,.,.,.,.,.,.,.,.,.,.,.,22.3,.,.,.,.,.,.,21.4,22,23.5,-0.09,-0.09,-0.47,0.1,.,0.15043561,.,0.15043561,.,.,.,.,.,.,.,.,.,.,.,.,.,.,.,.,.,-2.3,2.8,0.25,69.7,78.9,74.3,-2.3,2.9,0.31,586,35,0,1995,4,10.00,0,2,.,2,.,.,.,.,.,.,.,.,0.62,0.15,0.77,.,22.7,.,.,.,.,.,.,.,.,.,.,.,.,22.7,.,.,.,.,.,.,20.9,22.4,23.9,-0.07,-0.07,-0.37,0.08,.,0.145292512,.,0.145292512,.,.,.,.,.,.,.,.,.,.,.,.,.,.,.,.,.,-2.3,4.6,1.15,69.7,68.7,69.2,-2.3,4.6,1.152,644,45,0,1995,4,10.00,2,1,.,1,.,.,.,.,.,.,.,.,0.7,0.15,0.85,.,23.6,.,.,.,.,.,.,.,.,.,.,.,.,23.6,.,.,.,.,.,.,19,23.1,25.2,-0.01,-0.01,-0.04,0.05,.,0.133720542,.,0.133720542,.,.,.,.,.,.,.,.,.,.,.,.,.,.,.,.,.,-2.3,2.8,0.25,69.7,78.9,74.3,-2.3,2.9,0.32,808,55,0,1995,4,10.00,0,2,.,2,.,.,.,.,.,.,.,.,0.62,0.15,0.77,.,24,.,.,.,.,.,.,.,.,.,.,.,.,24,.,.,.,.,.,.,18.9,23.5,25.1,-0.01,-0.01,-0.06,0.05,.,0.128577444,.,0.128577444,.,.,.,.,.,.,.,.,.,.,.,.,.,.,.,.,.,-2.3,3.2,0.45,69.7,87.2,78.45,-2.3,3.3,0.53,375,45,0,1995,4,10.00,-1,2,.,3,.,.,.,.,.,.,.,.,0.62,0.15,0.77,.,22,.,.,.,.,.,.,.,.,.,.,.,.,22,.,.,.,.,.,.,27.6,21.7,23.3,-0.09,-0.09,-0.51,0.1,.,0.154292933,.,0.154292933,.,.,.,.,.,.,.,.,.,.,.,.,.,.,.,.,.,-2.3,-13.8,-8.05,69.7,58.9,64.3,-2.3,-13.9,-8.13,699,35,0,1995,4,10.00,-1,2,.,2,.,.,.,.,.,.,.,.,0.74,0.15,0.89,.,21.3,.,.,.,.,.,.,.,.,.,.,.,.,21.3,.,.,.,.,.,.,24.3,21,23.6,-0.08,-0.08,-0.48,0.1,.,0.163293354,.,0.163293354,.,.,.,.,.,.,.,.,.,.,.,.,.,.,.,.,.,-2.3,-13.8,-8.05,69.7,58.9,64.3,-2.3,-13.9,-8.13,842,25,1,1995,4,10.00,-1,2,.,2,.,.,.,.,.,.,.,.,0.97,0.15,1.12,.,21.3,.,.,.,.,.,.,.,.,.,.,.,.,21.3,.,.,.,.,.,.,29.4,21,25.3,-0.01,-0.01,-0.11,0.05,.,0.163293354,.,0.163293354,.,.,.,.,.,.,.,.,.,.,.,.,.,.,.,.,.,-2.3,-17.9,-10.1,69.7,66.2,67.95,-2.3,-18,-10.153,1106,35,1,1995,4,10.00,-1,2,.,3,.,.,.,.,.,.,.,.,1.07,0.15,1.22,.,22.3,.,.,.,.,.,.,.,.,.,.,.,.,22.3,.,.,.,.,.,.,35.8,21.9,26.9,0.24,0.41,0.25,0.06,.,0.15043561,.,0.15043561,.,.,.,.,.,.,.,.,.,.,.,.,.,.,.,.,.,-2.3,6.9,2.3,69.7,64.7,67.2,-2.3,6.9,2.33,1317,25,1,1995,4,10.00,0,2,.,3,.,.,.,.,.,.,.,.,0.67,0.15,0.82,.,22.7,.,.,.,.,.,.,.,.,.,.,.,.,22.7,.,.,.,.,.,.,32.2,22.5,24.4,-0.04,-0.04,-0.22,0.06,.,0.145292512,.,0.145292512,.,.,.,.,.,.,.,.,.,.,.,.,.,.,.,.,.,-2.3,-11.9,-7.1,69.7,52.2,60.95,-2.3,-12,-7.153,1393,25,1,1995,4,10.00,1,2,.,2,.,.,.,.,.,.,.,.,0.71,0.15,0.86,.,22.7,.,.,.,.,.,.,.,.,.,.,.,.,22.7,.,.,.,.,.,.,33.8,22.5,24.7,-0.03,-0.03,-0.14,0.05,.,0.145292512,.,0.145292512,.,.,.,.,.,.,.,.,.,.,.,.,.,.,.,.,.,-2.3,-18.7,-10.5,69.7,71,70.35,-2.3,-18.8,-10.553,1829,25,1,1995,4,10.00,-1,2,.,3,.,.,.,.,.,.,.,.,0.82,0.15,0.97,.,22.3,.,.,.,.,.,.,.,.,.,.,.,.,22.3,.,.,.,.,.,.,31.4,22,25.1,-0.01,-0.01,-0.09,0.05,.,0.15043561,.,0.15043561,.,.,.,.,.,.,.,.,.,.,.,.,.,.,.,.,.,-2.3,4.1,0.9,69.7,72.8,71.25,-2.3,4.1,0.93,1947,.,.,1995,4,10.00,-2,1,.,3,.,.,.,.,.,.,.,.,1.01,0.15,1.16,.,21.6,.,.,.,.,.,.,.,.,.,.,.,.,21.6,.,.,.,.,.,.,36.2,21.3,25.9,0.04,0.11,0.04,0.05,.,0.159436031,.,0.159436031,.,.,.,.,.,.,.,.,.,.,.,.,.,.,.,.,.,-2.3,-13.6,-7.95,69.7,57.2,63.45,-2.3,-13.7,-81,317,35,0,1995,4,11.00,-1,2,.,2,.,.,.,.,.,.,.,.,0.85,0.15,1,.,22.3,.,.,.,.,.,.,.,.,.,.,.,.,22.3,.,.,.,.,.,.,10.5,21.8,25.1,-0.02,-0.02,-0.17,0.06,.,0.15043561,.,0.15043561,.,.,.,.,.,.,.,.,.,.,.,.,.,.,.,.,.,-2.3,-11.5,-6.9,69.7,44.2,56.95,-2.3,-11.6,-6.953,208,.,.,1995,4,11.00,2,1,.,2,.,.,.,.,.,.,.,.,0.67,0.15,0.82,.,22,.,.,.,.,.,.,.,.,.,.,.,.,22,.,.,.,.,.,.,36.8,21.9,23.8,-0.07,-0.07,-0.36,0.08,.,0.154292933,.,0.154292933,.,.,.,.,.,.,.,.,.,.,.,.,.,.,.,.,.,-2.3,-12.3,-7.3,69.7,53.4,61.55,-2.3,-12.4,-7.353,264,35,0,1995,4,11.00,0,2,.,2,.,.,.,.,.,.,.,.,0.64,0.15,0.79,.,22,.,.,.,.,.,.,.,.,.,.,.,.,22,.,.,.,.,.,.,30.2,21.8,23.5,-0.08,-0.08,-0.46,0.09,.,0.154292933,.,0.154292933,.,.,.,.,.,.,.,.,.,.,.,.,.,.,.,.,.,-2.3,3.2,0.45,69.7,87.2,78.45,-2.3,3.3,0.53,1698,25,1,1995,4,11.00,0,2,.,2,.,.,.,.,.,.,.,.,0.58,0.15,0.73,.,22,.,.,.,.,.,.,.,.,.,.,.,.,22,.,.,.,.,.,.,36.8,21.9,23.1,-0.1,-0.1,-0.53,0.11,.,0.154292933,.,0.154292933,.,.,.,.,.,.,.,.,.,.,.,.,.,.,.,.,.,-2.3,-12.3,-7.3,69.7,53.4,61.55,-2.3,-12.4,-7.351,318,35,0,1995,4,15.00,-1,2,.,3,.,.,.,.,.,.,.,.,0.85,0.15,1,.,22.3,.,.,.,.,.,.,.,.,.,.,.,.,22.3,.,.,.,.,.,.,10.5,21.8,25.1,-0.02,-0.02,-0.17,0.06,.,0.15043561,.,0.15043561,.,.,.,.,.,.,.,.,.,.,.,.,.,.,.,.,.,-2.3,-11.5,-6.9,69.7,44.2,56.95,-2.3,-11.6,-6.952,134,25,1,1995,4,15.00,0,2,.,2,.,.,.,.,.,.,.,.,0.46,0.15,0.61,.,23.6,.,.,.,.,.,.,.,.,.,.,.,.,23.6,.,.,.,.,.,.,19,23.2,23.5,-0.09,-0.09,-0.45,0.09,.,0.133720542,.,0.133720542,.,.,.,.,.,.,.,.,.,.,.,.,.,.,.,.,.,-2.3,4.1,0.9,69.7,72.8,71.25,-2.3,4.1,0.92,573,35,0,1995,4,15.00,0,2,.,2,.,.,.,.,.,.,.,.,0.96,0.15,1.11,.,23.6,.,.,.,.,.,.,.,.,.,.,.,.,23.6,.,.,.,.,.,.,19,22.7,26.9,0.27,0.39,0.29,0.07,.,0.133720542,.,0.133720542,.,.,.,.,.,.,.,.,.,.,.,.,.,.,.,.,.,-2.3,2.8,0.25,69.7,78.9,74.3,-2.3,2.9,0.33,376,45,0,1995,4,15.00,-1,2,.,3,.,.,.,.,.,.,.,.,0.62,0.15,0.77,.,22,.,.,.,.,.,.,.,.,.,.,.,.,22,.,.,.,.,.,.,27.6,21.7,23.3,-0.09,-0.09,-0.51,0.1,.,0.154292933,.,0.154292933,.,.,.,.,.,.,.,.,.,.,.,.,.,.,.,.,.,-2.3,-13.8,-8.05,69.7,58.9,64.3,-2.3,-13.9,-8.13,582,45,0,1995,4,15.00,0,2,.,.,.,.,.,.,.,.,.,.,0.93,0.15,1.08,.,22,.,.,.,.,.,.,.,.,.,.,.,.,22,.,.,.,.,.,.,27.9,21.6,25.6,0,0,-0.02,0.05,.,0.154292933,.,0.154292933,.,.,.,.,.,.,.,.,.,.,.,.,.,.,.,.,.,-2.3,3.2,0.45,69.7,82.2,75.95,-2.3,3.3,0.53,1441,45,0,1995,4,15.00,0,2,.,2,.,.,.,.,.,.,.,.,1.14,0.15,1.29,.,22,.,.,.,.,.,.,.,.,.,.,.,.,22,.,.,.,.,.,.,24.3,21.3,26.9,0.22,0.37,0.2,0.06,.,0.154292933,.,0.154292933,.,.,.,.,.,.,.,.,.,.,.,.,.,.,.,.,.,-2.3,-5.1,-3.7,69.7,78.1,73.9,-2.3,-5.1,-3.73,1830,25,1,1995,4,15.00,.,.,.,.,.,.,.,.,.,.,.,.,0.82,0.15,0.97,.,22.3,.,.,.,.,.,.,.,.,.,.,.,.,22.3,.,.,.,.,.,.,31.4,22,25.1,-0.01,-0.01,-0.09,0.05,.,0.15043561,.,0.15043561,.,.,.,.,.,.,.,.,.,.,.,.,.,.,.,.,.,-2.3,4.1,0.9,69.7,72.8,71.25,-2.3,4.1,0.92,809,55,0,1995,4,16.00,0,2,.,2,.,.,.,.,.,.,.,.,0.62,0.15,0.77,.,24,.,.,.,.,.,.,.,.,.,.,.,.,24,.,.,.,.,.,.,18.9,23.5,25.1,-0.01,-0.01,-0.06,0.05,.,0.128577444,.,0.128577444,.,.,.,.,.,.,.,.,.,.,.,.,.,.,.,.,.,-2.3,3.2,0.45,69.7,87.2,78.45,-2.3,3.3,0.53,1587,.,.,1995,4,16.00,0,2,.,2,.,.,.,.,.,.,.,.,1.06,0.15,1.21,.,23,.,.,.,.,.,.,.,.,.,.,.,.,23,.,.,.,.,.,.,29.9,22.4,27.3,0.32,0.51,0.35,0.07,.,0.141435189,.,0.141435189,.,.,.,.,.,.,.,.,.,.,.,.,.,.,.,.,.,-2.3,8.2,2.95,69.7,59.4,64.55,-2.3,8.2,2.953,1699,25,1,1995,4,16.00,0,2,.,2,.,.,.,.,.,.,.,.,0.92,0.15,1.07,.,22,.,.,.,.,.,.,.,.,.,.,.,.,22,.,.,.,.,.,.,36.8,21.8,25.7,0,0,0.02,0.05,.,0.154292933,.,0.154292933,.,.,.,.,.,.,.,.,.,.,.,.,.,.,.,.,.,-2.3,-12.3,-7.3,69.7,53.4,61.55,-2.3,-12.4,-7.353,1948,.,.,1995,4,16.00,-2,1,.,3,.,.,.,.,.,.,.,.,1.01,0.15,1.16,.,21.6,.,.,.,.,.,.,.,.,.,.,.,.,21.6,.,.,.,.,.,.,36.2,21.3,25.9,0.04,0.11,0.04,0.05,.,0.159436031,.,0.159436031,.,.,.,.,.,.,.,.,.,.,.,.,.,.,.,.,.,-2.3,-13.6,-7.95,69.7,57.2,63.45,-2.3,-13.7,-81,2,45,0,1995,5,11.00,0,2,.,2,.,.,.,.,.,.,.,.,1.14,0.15,1.29,.,22.7,.,.,.,.,.,.,.,.,.,.,.,.,22.7,.,.,.,.,.,.,20.9,21.8,27.3,0.32,0.51,0.31,0.07,.,0.145292512,.,0.145292512,.,.,.,.,.,.,.,.,.,.,.,.,.,.,.,.,.,-2.5,4.1,0.8,69.2,72.8,71,-2.5,4.2,0.851,115,35,0,1995,5,11.00,0,2,.,2,.,.,.,.,.,.,.,.,0.96,0.15,1.11,.,22.7,.,.,.,.,.,.,.,.,.,.,.,.,22.7,.,.,.,.,.,.,20.9,22,26.2,0.12,0.21,0.12,0.05,.,0.145292512,.,0.145292512,.,.,.,.,.,.,.,.,.,.,.,.,.,.,.,.,.,-2.5,4.1,0.8,69.2,72.8,71,-2.5,4.1,0.81,180,45,0,1995,5,11.00,-1,2,.,2,.,.,.,.,.,.,.,.,0.64,0.15,0.79,.,22.7,.,.,.,.,.,.,.,.,.,.,.,.,22.7,.,.,.,.,.,.,20.9,22.4,24.1,-0.06,-0.06,-0.34,0.07,.,0.145292512,.,0.145292512,.,.,.,.,.,.,.,.,.,.,.,.,.,.,.,.,.,-2.5,4.1,0.8,69.2,72.8,71,-2.5,4.1,0.81,240,45,1,1995,5,11.00,0,2,.,.,.,.,.,.,.,.,.,.,0.57,0.15,0.72,.,22.3,.,.,.,.,.,.,.,.,.,.,.,.,22.3,.,.,.,.,.,.,21.4,22,23.1,-0.11,-0.11,-0.57,0.12,.,0.15043561,.,0.15043561,.,.,.,.,.,.,.,.,.,.,.,.,.,.,.,.,.,-2.5,2.8,0.15,69.2,78.9,74.05,-2.5,2.9,0.21,319,35,0,1995,5,11.00,0,2,.,2,.,.,.,.,.,.,.,.,1.21,0.15,1.36,.,22.3,.,.,.,.,.,.,.,.,.,.,.,.,22.3,.,.,.,.,.,.,10.5,21.2,27.2,0.3,0.46,0.25,0.06,.,0.15043561,.,0.15043561,.,.,.,.,.,.,.,.,.,.,.,.,.,.,.,.,.,-2.5,-11.5,-7,69.2,44.2,56.7,-2.5,-11.6,-7.051,444,45,0,1995,5,11.00,0,2,.,2,.,.,.,.,.,.,.,.,0.72,0.15,0.87,.,22.7,.,.,.,.,.,.,.,.,.,.,.,.,22.7,.,.,.,.,.,.,20.9,22.4,24.6,-0.03,-0.03,-0.21,0.06,.,0.145292512,.,0.145292512,.,.,.,.,.,.,.,.,.,.,.,.,.,.,.,.,.,-2.5,4.1,0.8,69.2,72.8,71,-2.5,4.1,0.82,645,45,0,1995,5,11.00,1,2,.,1,.,.,.,.,.,.,.,.,0.8,0.15,0.95,.,23.6,.,.,.,.,.,.,.,.,.,.,.,.,23.6,.,.,.,.,.,.,19,22.9,25.9,0.07,0.13,0.1,0.05,.,0.133720542,.,0.133720542,.,.,.,.,.,.,.,.,.,.,.,.,.,.,.,.,.,-2.5,2.8,0.15,69.2,78.9,74.05,-2.5,2.9,0.22,810,55,0,1995,5,11.00,0,2,.,2,.,.,.,.,.,.,.,.,0.7,0.15,0.85,.,24,.,.,.,.,.,.,.,.,.,.,.,.,24,.,.,.,.,.,.,18.9,23.4,25.5,0,0.04,0.06,0.05,.,0.128577444,.,0.128577444,.,.,.,.,.,.,.,.,.,.,.,.,.,.,.,.,.,-2.5,3.2,0.35,69.2,87.2,78.2,-2.5,3.3,0.43,377,45,0,1995,5,11.00,0,2,.,2,.,.,.,.,.,.,.,.,0.96,0.15,1.11,.,22,.,.,.,.,.,.,.,.,.,.,.,.,22,.,.,.,.,.,.,27.6,21.6,25.8,0.02,0.07,0.02,0.05,.,0.154292933,.,0.154292933,.,.,.,.,.,.,.,.,.,.,.,.,.,.,.,.,.,-2.5,-13.8,-8.15,69.2,58.9,64.05,-2.5,-13.9,-8.23,700,35,0,1995,5,11.00,0,2,.,2,.,.,.,.,.,.,.,.,0.7,0.15,0.85,.,21.3,.,.,.,.,.,.,.,.,.,.,.,.,21.3,.,.,.,.,.,.,24.3,21,23.3,-0.1,-0.1,-0.55,0.11,.,0.163293354,.,0.163293354,.,.,.,.,.,.,.,.,.,.,.,.,.,.,.,.,.,-2.5,-13.8,-8.15,69.2,58.9,64.05,-2.5,-13.9,-8.23,774,35,0,1995,5,11.00,-1,2,.,3,.,.,.,.,.,.,.,.,0.77,0.15,0.92,.,22,.,.,.,.,.,.,.,.,.,.,.,.,22,.,.,.,.,.,.,35,21.8,24.5,-0.04,-0.04,-0.21,0.06,.,0.154292933,.,0.154292933,.,.,.,.,.,.,.,.,.,.,.,.,.,.,.,.,.,-2.5,-11.9,-7.2,69.2,52.2,60.7,-2.5,-12,-7.253,1107,35,1,1995,5,11.00,-2,1,.,3,.,.,.,.,.,.,.,.,1,0.15,1.15,.,22.3,.,.,.,.,.,.,.,.,.,.,.,.,22.3,.,.,.,.,.,.,35.8,22,26.5,0.16,0.28,0.17,0.06,.,0.15043561,.,0.15043561,.,.,.,.,.,.,.,.,.,.,.,.,.,.,.,.,.,-2.5,6.9,2.2,69.2,64.7,66.95,-2.5,6.9,2.23,1319,25,1,1995,5,11.00,1,2,.,3,.,.,.,.,.,.,.,.,0.75,0.15,0.9,.,22.7,.,.,.,.,.,.,.,.,.,.,.,.,22.7,.,.,.,.,.,.,32.2,22.5,25,-0.02,-0.02,-0.09,0.05,.,0.145292512,.,0.145292512,.,.,.,.,.,.,.,.,.,.,.,.,.,.,.,.,.,-2.5,-11.9,-7.2,69.2,52.2,60.7,-2.5,-12,-7.253,1442,45,0,1995,5,11.00,0,2,.,2,.,.,.,.,.,.,.,.,1.04,0.15,1.19,.,22,.,.,.,.,.,.,.,.,.,.,.,.,22,.,.,.,.,.,.,24.3,21.4,26.2,0.11,0.2,0.09,0.05,.,0.154292933,.,0.154292933,.,.,.,.,.,.,.,.,.,.,.,.,.,.,.,.,.,-2.5,-5.1,-3.8,69.2,78.1,73.65,-2.5,-5.1,-3.83,1700,25,1,1995,5,11.00,-1,2,.,3,.,.,.,.,.,.,.,.,0.7,0.15,0.85,.,22,.,.,.,.,.,.,.,.,.,.,.,.,22,.,.,.,.,.,.,36.8,21.9,24,-0.06,-0.06,-0.31,0.07,.,0.154292933,.,0.154292933,.,.,.,.,.,.,.,.,.,.,.,.,.,.,.,.,.,-2.5,-12.3,-7.4,69.2,53.4,61.3,-2.5,-12.4,-7.453,1831,25,1,1995,5,11.00,0,2,.,2,.,.,.,.,.,.,.,.,1.07,0.15,1.22,.,22.3,.,.,.,.,.,.,.,.,.,.,.,.,22.3,.,.,.,.,.,.,31.4,21.8,26.8,0.22,0.37,0.22,0.06,.,0.15043561,.,0.15043561,.,.,.,.,.,.,.,.,.,.,.,.,.,.,.,.,.,-2.5,4.1,0.8,69.2,72.8,71,-2.5,4.2,0.853,2022,25,1,1995,5,11.00,0,2,.,2,.,.,.,.,.,.,.,.,0.63,0.15,0.78,.,24.1,.,.,.,.,.,.,.,.,.,.,.,.,24.1,.,.,.,.,.,.,29.4,23.7,25.3,0,0,0.04,0.05,.,0.12729167,.,0.12729167,.,.,.,.,.,.,.,.,.,.,.,.,.,.,.,.,.,-2.5,4.6,1.05,69.2,68.7,68.95,-2.5,4.6,1.053,209,.,.,1995,5,12.00,2,1,.,2,.,.,.,.,.,.,.,.,0.76,0.15,0.91,.,22,.,.,.,.,.,.,.,.,.,.,.,.,22,.,.,.,.,.,.,36.8,21.9,24.5,-0.04,-0.04,-0.21,0.06,.,0.154292933,.,0.154292933,.,.,.,.,.,.,.,.,.,.,.,.,.,.,.,.,.,-2.5,-12.3,-7.4,69.2,53.4,61.3,-2.5,-12.4,-7.453,1395,25,1,1995,5,12.00,0,2,.,2,.,.,.,.,.,.,.,.,0.6,0.15,0.75,.,22.7,.,.,.,.,.,.,.,.,.,.,.,.,22.7,.,.,.,.,.,.,33.8,22.5,23.9,-0.06,-0.06,-0.33,0.07,.,0.145292512,.,0.145292512,.,.,.,.,.,.,.,.,.,.,.,.,.,.,.,.,.,-2.5,-18.7,-10.6,69.2,71,70.1,-2.5,-18.8,-10.653,1521,45,1,1995,5,12.00,-1,2,.,3,.,.,.,.,.,.,.,.,1.14,0.15,1.29,.,23.8,.,.,.,.,.,.,.,.,.,.,.,.,23.8,.,.,.,.,.,.,30.8,23.1,28.4,0.51,0.83,0.59,0.12,.,0.131148993,.,0.131148993,.,.,.,.,.,.,.,.,.,.,.,.,.,.,.,.,.,-2.5,4.1,0.8,69.2,72.8,71,-2.5,4.2,0.852,136,25,1,1995,5,16.00,0,2,.,2,.,.,.,.,.,.,.,.,0.46,0.15,0.61,.,23.6,.,.,.,.,.,.,.,.,.,.,.,.,23.6,.,.,.,.,.,.,19,23.2,23.5,-0.09,-0.09,-0.45,0.09,.,0.133720542,.,0.133720542,.,.,.,.,.,.,.,.,.,.,.,.,.,.,.,.,.,-2.5,4.1,0.8,69.2,72.8,71,-2.5,4.1,0.82,345,45,1,1995,5,16.00,-1,2,.,2,.,.,.,.,.,.,.,.,1.01,0.15,1.16,.,23.6,.,.,.,.,.,.,.,.,.,.,.,.,23.6,.,.,.,.,.,.,19,22.7,27.2,0.32,0.47,0.34,0.07,.,0.133720542,.,0.133720542,.,.,.,.,.,.,.,.,.,.,.,.,.,.,.,.,.,-2.5,-4.6,-3.55,69.2,83.6,76.4,-2.5,-4.6,-3.552,811,55,0,1995,5,16.00,0,2,.,2,.,.,.,.,.,.,.,.,0.7,0.15,0.85,.,24,.,.,.,.,.,.,.,.,.,.,.,.,24,.,.,.,.,.,.,18.9,23.4,25.5,0,0.04,0.06,0.05,.,0.128577444,.,0.128577444,.,.,.,.,.,.,.,.,.,.,.,.,.,.,.,.,.,-2.5,3.2,0.35,69.2,87.2,78.2,-2.5,3.3,0.43,210,.,.,1995,5,16.00,2,1,.,2,.,.,.,.,.,.,.,.,0.76,0.15,0.91,.,22,.,.,.,.,.,.,.,.,.,.,.,.,22,.,.,.,.,.,.,36.8,21.9,24.5,-0.04,-0.04,-0.21,0.06,.,0.154292933,.,0.154292933,.,.,.,.,.,.,.,.,.,.,.,.,.,.,.,.,.,-2.5,-12.3,-7.4,69.2,53.4,61.3,-2.5,-12.4,-7.453,378,45,0,1995,5,16.00,0,2,.,2,.,.,.,.,.,.,.,.,0.96,0.15,1.11,.,22,.,.,.,.,.,.,.,.,.,.,.,.,22,.,.,.,.,.,.,27.6,21.6,25.8,0.02,0.07,0.02,0.05,.,0.154292933,.,0.154292933,.,.,.,.,.,.,.,.,.,.,.,.,.,.,.,.,.,-2.5,-13.8,-8.15,69.2,58.9,64.05,-2.5,-13.9,-8.23,1589,.,.,1995,5,16.00,-1,2,.,2,.,.,.,.,.,.,.,.,1.06,0.15,1.21,.,23,.,.,.,.,.,.,.,.,.,.,.,.,23,.,.,.,.,.,.,29.9,22.4,27.3,0.32,0.51,0.35,0.07,.,0.141435189,.,0.141435189,.,.,.,.,.,.,.,.,.,.,.,.,.,.,.,.,.,-2.5,8.2,2.85,69.2,59.4,64.3,-2.5,8.2,2.852,718,45,0,1995,5,17.00,0,2,.,2,.,.,.,.,.,.,.,.,0.64,0.15,0.79,.,23.6,.,.,.,.,.,.,.,.,.,.,.,.,23.6,.,.,.,.,.,.,18,23.2,24.9,-0.02,-0.02,-0.14,0.05,.,0.133720542,.,0.133720542,.,.,.,.,.,.,.,.,.,.,.,.,.,.,.,.,.,-2.5,3.6,0.55,69.2,73.8,71.5,-2.5,3.6,0.553,1443,45,0,1995,5,17.00,0,2,.,2,.,.,.,.,.,.,.,.,1.04,0.15,1.19,.,22,.,.,.,.,.,.,.,.,.,.,.,.,22,.,.,.,.,.,.,24.3,21.4,26.2,0.11,0.2,0.09,0.05,.,0.154292933,.,0.154292933,.,.,.,.,.,.,.,.,.,.,.,.,.,.,.,.,.,-2.5,-5.1,-3.8,69.2,78.1,73.65,-2.5,-5.1,-3.83,1701,25,1,1995,5,17.00,0,2,.,2,.,.,.,.,.,.,.,.,0.7,0.15,0.85,.,22,.,.,.,.,.,.,.,.,.,.,.,.,22,.,.,.,.,.,.,36.8,21.9,24,-0.06,-0.06,-0.31,0.07,.,0.154292933,.,0.154292933,.,.,.,.,.,.,.,.,.,.,.,.,.,.,.,.,.,-2.5,-12.3,-7.4,69.2,53.4,61.3,-2.5,-12.4,-7.451,587,35,0,1995,6,12.00,0,2,.,2,.,.,.,.,.,.,.,.,0.62,0.15,0.77,.,22.7,.,.,.,.,.,.,.,.,.,.,.,.,22.7,.,.,.,.,.,.,20.9,22.4,23.9,-0.07,-0.07,-0.37,0.08,.,0.145292512,.,0.145292512,.,.,.,.,.,.,.,.,.,.,.,.,.,.,.,.,.,-3.6,4.6,0.5,67.7,68.7,68.2,-3.6,4.6,0.52,66,35,1,1995,6,12.00,0,2,.,2,.,.,.,.,.,.,.,.,0.64,0.15,0.79,.,23.6,.,.,.,.,.,.,.,.,.,.,.,.,23.6,.,.,.,.,.,.,19,23.2,24.9,-0.02,-0.02,-0.13,0.05,.,0.133720542,.,0.133720542,.,.,.,.,.,.,.,.,.,.,.,.,.,.,.,.,.,-3.6,4.1,0.25,67.7,72.8,70.25,-3.6,4.1,0.252,208,45,1,1995,6,12.00,-1,2,.,3,.,.,.,.,.,.,.,.,0.92,0.15,1.07,.,23.6,.,.,.,.,.,.,.,.,.,.,.,.,23.6,.,.,.,.,.,.,19,22.8,26.6,0.22,0.33,0.25,0.06,.,0.133720542,.,0.133720542,.,.,.,.,.,.,.,.,.,.,.,.,.,.,.,.,.,-3.6,4.1,0.25,67.7,72.8,70.25,-3.6,4.1,0.253,1702,25,1,1995,6,12.00,1,2,.,2,.,.,.,.,.,.,.,.,1.09,0.15,1.24,.,22,.,.,.,.,.,.,.,.,.,.,.,.,22,.,.,.,.,.,.,36.8,21.7,26.8,0.21,0.38,0.22,0.06,.,0.154292933,.,0.154292933,.,.,.,.,.,.,.,.,.,.,.,.,.,.,.,.,.,-3.6,-12.3,-7.95,67.7,53.4,60.55,-3.6,-12.4,-83,1832,25,1,1995,6,12.00,-1,2,.,3,.,.,.,.,.,.,.,.,0.94,0.15,1.09,.,22.3,.,.,.,.,.,.,.,.,.,.,.,.,22.3,.,.,.,.,.,.,31.4,21.9,25.9,0.06,0.13,0.07,0.05,.,0.15043561,.,0.15043561,.,.,.,.,.,.,.,.,.,.,.,.,.,.,.,.,.,-3.6,4.1,0.25,67.7,72.8,70.25,-3.6,4.1,0.253,2023,25,1,1995,6,12.00,-1,2,.,2,.,.,.,.,.,.,.,.,0.42,0.15,0.57,.,24.1,.,.,.,.,.,.,.,.,.,.,.,.,24.1,.,.,.,.,.,.,29.4,23.8,23.8,-0.07,-0.07,-0.33,0.07,.,0.12729167,.,0.12729167,.,.,.,.,.,.,.,.,.,.,.,.,.,.,.,.,.,-3.6,4.6,0.5,67.7,68.7,68.2,-3.6,4.6,0.51,3,45,0,1995,6,13.00,-1,2,.,2,.,.,.,.,.,.,.,.,0.64,0.15,0.79,.,22.7,.,.,.,.,.,.,.,.,.,.,.,.,22.7,.,.,.,.,.,.,20.9,22.4,24.1,-0.06,-0.06,-0.34,0.07,.,0.145292512,.,0.145292512,.,.,.,.,.,.,.,.,.,.,.,.,.,.,.,.,.,-3.6,4.1,0.25,67.7,72.8,70.25,-3.6,4.1,0.251,241,45,1,1995,6,13.00,0,2,.,2,.,.,.,.,.,.,.,.,0.63,0.15,0.78,.,22.3,.,.,.,.,.,.,.,.,.,.,.,.,22.3,.,.,.,.,.,.,21.4,22,23.6,-0.08,-0.08,-0.46,0.09,.,0.15043561,.,0.15043561,.,.,.,.,.,.,.,.,.,.,.,.,.,.,.,.,.,-3.6,2.8,-0.4,67.7,78.9,73.3,-3.6,2.9,-0.351,320,35,0,1995,6,13.00,1,2,.,1,.,.,.,.,.,.,.,.,0.85,0.15,1,.,22.3,.,.,.,.,.,.,.,.,.,.,.,.,22.3,.,.,.,.,.,.,10.5,21.8,25.1,-0.02,-0.02,-0.17,0.06,.,0.15043561,.,0.15043561,.,.,.,.,.,.,.,.,.,.,.,.,.,.,.,.,.,-3.6,-11.5,-7.55,67.7,44.2,55.95,-3.6,-11.6,-7.62,346,45,1,1995,6,13.00,-1,2,.,2,.,.,.,.,.,.,.,.,1.05,0.15,1.2,.,23.6,.,.,.,.,.,.,.,.,.,.,.,.,23.6,.,.,.,.,.,.,19,22.6,27.4,0.36,0.53,0.38,0.08,.,0.133720542,.,0.133720542,.,.,.,.,.,.,.,.,.,.,.,.,.,.,.,.,.,-3.6,-4.6,-4.1,67.7,83.6,75.65,-3.6,-4.6,-4.12,646,45,0,1995,6,13.00,0,2,.,2,.,.,.,.,.,.,.,.,0.8,0.15,0.95,.,23.6,.,.,.,.,.,.,.,.,.,.,.,.,23.6,.,.,.,.,.,.,19,22.9,25.9,0.07,0.13,0.1,0.05,.,0.133720542,.,0.133720542,.,.,.,.,.,.,.,.,.,.,.,.,.,.,.,.,.,-3.6,2.8,-0.4,67.7,78.9,73.3,-3.6,2.9,-0.352,719,45,0,1995,6,13.00,0,2,.,2,.,.,.,.,.,.,.,.,0.64,0.15,0.79,.,23.6,.,.,.,.,.,.,.,.,.,.,.,.,23.6,.,.,.,.,.,.,18,23.2,24.9,-0.02,-0.02,-0.14,0.05,.,0.133720542,.,0.133720542,.,.,.,.,.,.,.,.,.,.,.,.,.,.,.,.,.,-3.6,3.6,0,67.7,73.8,70.75,-3.6,3.6,03,1108,35,1,1995,6,13.00,-1,2,.,3,.,.,.,.,.,.,.,.,1.02,0.15,1.17,.,22.3,.,.,.,.,.,.,.,.,.,.,.,.,22.3,.,.,.,.,.,.,35.8,21.9,26.6,0.18,0.32,0.2,0.06,.,0.15043561,.,0.15043561,.,.,.,.,.,.,.,.,.,.,.,.,.,.,.,.,.,-3.6,6.9,1.65,67.7,64.7,66.2,-3.6,6.9,1.653,1320,25,1,1995,6,13.00,0,2,.,3,.,.,.,.,.,.,.,.,0.75,0.15,0.9,.,22.7,.,.,.,.,.,.,.,.,.,.,.,.,22.7,.,.,.,.,.,.,32.2,22.5,25,-0.02,-0.02,-0.09,0.05,.,0.145292512,.,0.145292512,.,.,.,.,.,.,.,.,.,.,.,.,.,.,.,.,.,-3.6,-11.9,-7.75,67.7,52.2,59.95,-3.6,-12,-7.81,116,35,0,1995,9,13.00,0,2,.,2,.,.,.,.,.,.,.,.,0.96,0.15,1.11,.,22.7,.,.,.,.,.,.,.,.,.,.,.,.,22.7,.,.,.,.,.,.,20.9,22,26.2,0.12,0.21,0.12,0.05,.,0.145292512,.,0.145292512,.,.,.,.,.,.,.,.,.,.,.,.,.,.,.,.,.,-2.6,4.1,0.75,68,72.8,70.4,-2.6,4.1,0.751,242,45,1,1995,9,13.00,2,1,.,1,.,.,.,.,.,.,.,.,0.92,0.15,1.07,.,22.3,.,.,.,.,.,.,.,.,.,.,.,.,22.3,.,.,.,.,.,.,21.4,21.8,25.6,0,0,-0.01,0.05,.,0.15043561,.,0.15043561,.,.,.,.,.,.,.,.,.,.,.,.,.,.,.,.,.,-2.6,2.8,0.1,68,78.9,73.45,-2.6,2.9,0.152,209,45,1,1995,9,13.00,-1,2,.,3,.,.,.,.,.,.,.,.,1.08,0.15,1.23,.,23.6,.,.,.,.,.,.,.,.,.,.,.,.,23.6,.,.,.,.,.,.,19,22.6,27.6,0.39,0.58,0.41,0.09,.,0.133720542,.,0.133720542,.,.,.,.,.,.,.,.,.,.,.,.,.,.,.,.,.,-2.6,4.1,0.75,68,72.8,70.4,-2.6,4.2,0.82,347,45,1,1995,9,13.00,0,2,.,2,.,.,.,.,.,.,.,.,0.56,0.15,0.71,.,23.6,.,.,.,.,.,.,.,.,.,.,.,.,23.6,.,.,.,.,.,.,19,23.2,24.3,-0.05,-0.05,-0.26,0.06,.,0.133720542,.,0.133720542,.,.,.,.,.,.,.,.,.,.,.,.,.,.,.,.,.,-2.6,-4.6,-3.6,68,83.6,75.8,-2.6,-4.6,-3.62,574,35,0,1995,9,13.00,-2,1,.,3,.,.,.,.,.,.,.,.,0.96,0.15,1.11,.,23.6,.,.,.,.,.,.,.,.,.,.,.,.,23.6,.,.,.,.,.,.,19,22.7,26.9,0.27,0.39,0.29,0.07,.,0.133720542,.,0.133720542,.,.,.,.,.,.,.,.,.,.,.,.,.,.,.,.,.,-2.6,2.8,0.1,68,78.9,73.45,-2.6,2.9,0.153,1109,35,1,1995,9,13.00,-1,2,.,3,.,.,.,.,.,.,.,.,1.07,0.15,1.22,.,22.3,.,.,.,.,.,.,.,.,.,.,.,.,22.3,.,.,.,.,.,.,35.8,21.9,26.9,0.24,0.41,0.25,0.06,.,0.15043561,.,0.15043561,.,.,.,.,.,.,.,.,.,.,.,.,.,.,.,.,.,-2.6,6.9,2.15,68,64.7,66.35,-2.6,6.9,2.153,1523,45,1,1995,9,13.00,0,2,.,2,.,.,.,.,.,.,.,.,0.85,0.15,1,.,23.8,.,.,.,.,.,.,.,.,.,.,.,.,23.8,.,.,.,.,.,.,30.8,23.3,26.6,0.22,0.34,0.29,0.07,.,0.131148993,.,0.131148993,.,.,.,.,.,.,.,.,.,.,.,.,.,.,.,.,.,-2.6,4.1,0.75,68,72.8,70.4,-2.6,4.1,0.753,1703,25,1,1995,9,13.00,-1,2,.,3,.,.,.,.,.,.,.,.,0.71,0.15,0.86,.,22,.,.,.,.,.,.,.,.,.,.,.,.,22,.,.,.,.,.,.,36.8,21.9,24.1,-0.05,-0.05,-0.29,0.07,.,0.154292933,.,0.154292933,.,.,.,.,.,.,.,.,.,.,.,.,.,.,.,.,.,-2.6,-12.3,-7.45,68,53.4,60.7,-2.6,-12.4,-7.53,1762,45,1,1995,9,13.00,0,2,.,2,.,.,.,.,.,.,.,.,0.63,0.15,0.78,.,23,.,.,.,.,.,.,.,.,.,.,.,.,23,.,.,.,.,.,.,22.7,22.7,24.3,-0.05,-0.05,-0.27,0.07,.,0.141435189,.,0.141435189,.,.,.,.,.,.,.,.,.,.,.,.,.,.,.,.,.,-2.6,-2.2,-2.4,68,60,64,-2.6,-2.2,-2.43,1951,.,.,1995,9,13.00,-1,2,.,2,.,.,.,.,.,.,.,.,0.9,0.15,1.05,.,21.6,.,.,.,.,.,.,.,.,.,.,.,.,21.6,.,.,.,.,.,.,36.2,21.4,25.1,-0.01,-0.01,-0.1,0.05,.,0.159436031,.,0.159436031,.,.,.,.,.,.,.,.,.,.,.,.,.,.,.,.,.,-2.6,-13.6,-8.1,68,57.2,62.6,-2.6,-13.7,-8.153,2024,25,1,1995,9,13.00,2,1,.,1,.,.,.,.,.,.,.,.,0.62,0.15,0.77,.,24.1,.,.,.,.,.,.,.,.,.,.,.,.,24.1,.,.,.,.,.,.,29.4,23.7,25.3,-0.01,-0.01,0.03,0.05,.,0.12729167,.,0.12729167,.,.,.,.,.,.,.,.,.,.,.,.,.,.,.,.,.,-2.6,4.6,1,68,68.7,68.35,-2.6,4.6,14,73,35,1,1995,9,13.00,1,2,.,2,.,.,.,.,.,.,.,.,0.71,0.15,0.86,.,24.1,.,.,.,.,.,.,.,.,.,.,.,.,24.1,.,.,.,.,.,.,18.4,23.4,25.7,0.04,0.08,0.09,0.05,.,0.12729167,.,0.12729167,.,.,.,.,.,.,.,.,.,.,.,.,.,.,.,.,.,-2.6,2.8,0.1,68,78.9,73.45,-2.6,2.9,0.151,4,45,0,1995,9,14.00,0,2,.,2,.,.,.,.,.,.,.,.,1.18,0.15,1.33,.,22.7,.,.,.,.,.,.,.,.,.,.,.,.,22.7,.,.,.,.,.,.,20.9,21.8,27.6,0.36,0.57,0.35,0.08,.,0.145292512,.,0.145292512,.,.,.,.,.,.,.,.,.,.,.,.,.,.,.,.,.,-2.6,4.1,0.75,68,72.8,70.4,-2.6,4.2,0.81,181,45,0,1995,9,14.00,0,2,.,2,.,.,.,.,.,.,.,.,0.64,0.15,0.79,.,22.7,.,.,.,.,.,.,.,.,.,.,.,.,22.7,.,.,.,.,.,.,20.9,22.4,24.1,-0.06,-0.06,-0.34,0.07,.,0.145292512,.,0.145292512,.,.,.,.,.,.,.,.,.,.,.,.,.,.,.,.,.,-2.6,4.1,0.75,68,72.8,70.4,-2.6,4.1,0.751,446,45,0,1995,9,14.00,0,2,.,2,.,.,.,.,.,.,.,.,0.72,0.15,0.87,.,22.7,.,.,.,.,.,.,.,.,.,.,.,.,22.7,.,.,.,.,.,.,20.9,22.4,24.6,-0.03,-0.03,-0.21,0.06,.,0.145292512,.,0.145292512,.,.,.,.,.,.,.,.,.,.,.,.,.,.,.,.,.,-2.6,4.1,0.75,68,72.8,70.4,-2.6,4.1,0.753,72,35,0,1995,9,14.00,0,2,.,2,.,.,.,.,.,.,.,.,0.62,0.15,0.77,.,23.8,.,.,.,.,.,.,.,.,.,.,.,.,23.8,.,.,.,.,.,.,23,23.4,24.9,-0.02,-0.02,-0.09,0.05,.,0.131148993,.,0.131148993,.,.,.,.,.,.,.,.,.,.,.,.,.,.,.,.,.,-2.6,6.9,2.15,68,64.7,66.35,-2.6,6.9,2.153,380,45,0,1995,9,14.00,1,2,.,2,.,.,.,.,.,.,.,.,0.96,0.15,1.11,.,22,.,.,.,.,.,.,.,.,.,.,.,.,22,.,.,.,.,.,.,27.6,21.6,25.8,0.02,0.07,0.02,0.05,.,0.154292933,.,0.154292933,.,.,.,.,.,.,.,.,.,.,.,.,.,.,.,.,.,-2.6,-13.8,-8.2,68,58.9,63.45,-2.6,-13.9,-8.253,701,35,0,1995,9,14.00,0,2,.,2,.,.,.,.,.,.,.,.,0.77,0.15,0.92,.,21.3,.,.,.,.,.,.,.,.,.,.,.,.,21.3,.,.,.,.,.,.,24.3,21,23.8,-0.07,-0.07,-0.43,0.09,.,0.163293354,.,0.163293354,.,.,.,.,.,.,.,.,.,.,.,.,.,.,.,.,.,-2.6,-13.8,-8.2,68,58.9,63.45,-2.6,-13.9,-8.253,776,35,0,1995,9,14.00,0,2,.,2,.,.,.,.,.,.,.,.,0.98,0.15,1.13,.,22,.,.,.,.,.,.,.,.,.,.,.,.,22,.,.,.,.,.,.,35,21.7,26,0.08,0.16,0.08,0.05,.,0.154292933,.,0.154292933,.,.,.,.,.,.,.,.,.,.,.,.,.,.,.,.,.,-2.6,-11.9,-7.25,68,52.2,60.1,-2.6,-12,-7.33,1321,25,1,1995,9,14.00,1,2,.,2,.,.,.,.,.,.,.,.,0.67,0.15,0.82,.,22.7,.,.,.,.,.,.,.,.,.,.,.,.,22.7,.,.,.,.,.,.,32.2,22.5,24.4,-0.04,-0.04,-0.22,0.06,.,0.145292512,.,0.145292512,.,.,.,.,.,.,.,.,.,.,.,.,.,.,.,.,.,-2.6,-11.9,-7.25,68,52.2,60.1,-2.6,-12,-7.33,1833,25,1,1995,9,14.00,-1,2,.,3,.,.,.,.,.,.,.,.,1.41,0.15,1.56,.,22.3,.,.,.,.,.,.,.,.,.,.,.,.,22.3,.,.,.,.,.,.,31.4,21.6,28.9,0.52,0.95,0.54,0.11,.,0.15043561,.,0.15043561,.,.,.,.,.,.,.,.,.,.,.,.,.,.,.,.,.,-2.6,4.1,0.75,68,72.8,70.4,-2.6,4.2,0.82,348,45,1,1995,9,17.00,0,2,.,2,.,.,.,.,.,.,.,.,0.56,0.15,0.71,.,23.6,.,.,.,.,.,.,.,.,.,.,.,.,23.6,.,.,.,.,.,.,19,23.2,24.3,-0.05,-0.05,-0.26,0.06,.,0.133720542,.,0.133720542,.,.,.,.,.,.,.,.,.,.,.,.,.,.,.,.,.,-2.6,-4.6,-3.6,68,83.6,75.8,-2.6,-4.6,-3.62,721,45,0,1995,9,17.00,0,2,.,2,.,.,.,.,.,.,.,.,0.64,0.15,0.79,.,23.6,.,.,.,.,.,.,.,.,.,.,.,.,23.6,.,.,.,.,.,.,18,23.2,24.9,-0.02,-0.02,-0.14,0.05,.,0.133720542,.,0.133720542,.,.,.,.,.,.,.,.,.,.,.,.,.,.,.,.,.,-2.6,3.6,0.5,68,73.8,70.9,-2.6,3.6,0.53,1446,45,0,1995,9,17.00,-1,2,.,3,.,.,.,.,.,.,.,.,1.04,0.15,1.19,.,22,.,.,.,.,.,.,.,.,.,.,.,.,22,.,.,.,.,.,.,24.3,21.4,26.2,0.11,0.2,0.09,0.05,.,0.154292933,.,0.154292933,.,.,.,.,.,.,.,.,.,.,.,.,.,.,.,.,.,-2.6,-5.1,-3.85,68,78.1,73.05,-2.6,-5.1,-3.851,182,45,0,1995,10,12.00,-1,2,.,2,.,.,.,.,.,.,.,.,0.83,0.15,0.98,.,22.7,.,.,.,.,.,.,.,.,.,.,.,.,22.7,.,.,.,.,.,.,20.9,22.2,25.4,-0.01,-0.01,-0.05,0.05,.,0.145292512,.,0.145292512,.,.,.,.,.,.,.,.,.,.,.,.,.,.,.,.,.,-3,4.1,0.55,67.8,72.8,70.3,-3,4.1,0.551,377,45,0,1995,10,12.00,0,2,.,2,.,.,.,.,.,.,.,.,0.66,0.15,0.81,.,22.3,.,.,.,.,.,.,.,.,.,.,.,.,22.3,.,.,.,.,.,.,21.4,22,23.8,-0.07,-0.07,-0.4,0.08,.,0.15043561,.,0.15043561,.,.,.,.,.,.,.,.,.,.,.,.,.,.,.,.,.,-3,2.8,-0.1,67.8,78.9,73.35,-3,2.9,-0.051,589,35,0,1995,10,12.00,-1,2,.,2,.,.,.,.,.,.,.,.,0.46,0.15,0.61,.,22.7,.,.,.,.,.,.,.,.,.,.,.,.,22.7,.,.,.,.,.,.,20.9,22.3,22.6,-0.13,-0.13,-0.69,0.15,.,0.145292512,.,0.145292512,.,.,.,.,.,.,.,.,.,.,.,.,.,.,.,.,.,-3,4.6,0.8,67.8,68.7,68.25,-3,4.6,0.82,648,45,0,1995,10,12.00,0,2,.,2,.,.,.,.,.,.,.,.,0.8,0.15,0.95,.,23.6,.,.,.,.,.,.,.,.,.,.,.,.,23.6,.,.,.,.,.,.,19,22.9,25.9,0.07,0.13,0.1,0.05,.,0.133720542,.,0.133720542,.,.,.,.,.,.,.,.,.,.,.,.,.,.,.,.,.,-3,2.8,-0.1,67.8,78.9,73.35,-3,2.9,-0.052,722,45,0,1995,10,12.00,-1,2,.,3,.,.,.,.,.,.,.,.,0.64,0.15,0.79,.,23.6,.,.,.,.,.,.,.,.,.,.,.,.,23.6,.,.,.,.,.,.,18,23.2,24.9,-0.02,-0.02,-0.14,0.05,.,0.133720542,.,0.133720542,.,.,.,.,.,.,.,.,.,.,.,.,.,.,.,.,.,-3,3.6,0.3,67.8,73.8,70.8,-3,3.6,0.33,381,45,0,1995,10,12.00,2,1,.,2,.,.,.,.,.,.,.,.,0.96,0.15,1.11,.,22,.,.,.,.,.,.,.,.,.,.,.,.,22,.,.,.,.,.,.,27.6,21.6,25.8,0.02,0.07,0.02,0.05,.,0.154292933,.,0.154292933,.,.,.,.,.,.,.,.,.,.,.,.,.,.,.,.,.,-3,-13.8,-8.4,67.8,58.9,63.35,-3,-13.9,-8.453,920,35,0,1995,10,12.00,-1,2,.,2,.,.,.,.,.,.,.,.,0.75,0.15,0.9,.,23.8,.,.,.,.,.,.,.,.,.,.,.,.,23.8,.,.,.,.,.,.,24,23.2,25.8,0.06,0.11,0.11,0.05,.,0.131148993,.,0.131148993,.,.,.,.,.,.,.,.,.,.,.,.,.,.,.,.,.,-3,4.1,0.55,67.8,72.8,70.3,-3,4.1,0.553,1110,35,1,1995,10,12.00,0,2,.,2,.,.,.,.,.,.,.,.,0.99,0.15,1.14,.,22.3,.,.,.,.,.,.,.,.,.,.,.,.,22.3,.,.,.,.,.,.,35.8,22,26.4,0.15,0.26,0.16,0.06,.,0.15043561,.,0.15043561,.,.,.,.,.,.,.,.,.,.,.,.,.,.,.,.,.,-3,6.9,1.95,67.8,64.7,66.25,-3,6.9,1.953,1834,25,1,1995,10,12.00,1,2,.,2,.,.,.,.,.,.,.,.,1.2,0.15,1.35,.,22.3,.,.,.,.,.,.,.,.,.,.,.,.,22.3,.,.,.,.,.,.,31.4,21.7,27.6,0.35,0.6,0.36,0.08,.,0.15043561,.,0.15043561,.,.,.,.,.,.,.,.,.,.,.,.,.,.,.,.,.,-3,4.1,0.55,67.8,72.8,70.3,-3,4.2,0.63,1872,65,0,1995,10,12.00,1,2,.,1,.,.,.,.,.,.,.,.,1.13,0.15,1.28,.,22.7,.,.,.,.,.,.,.,.,.,.,.,.,22.7,.,.,.,.,.,.,33.3,22.2,27.6,0.35,0.58,0.38,0.08,.,0.145292512,.,0.145292512,.,.,.,.,.,.,.,.,.,.,.,.,.,.,.,.,.,-3,-12.3,-7.65,67.8,53.4,60.6,-3,-12.4,-7.73,1952,.,.,1995,10,12.00,0,2,.,2,.,.,.,.,.,.,.,.,0.9,0.15,1.05,.,21.6,.,.,.,.,.,.,.,.,.,.,.,.,21.6,.,.,.,.,.,.,36.2,21.4,25.1,-0.01,-0.01,-0.1,0.05,.,0.159436031,.,0.159436031,.,.,.,.,.,.,.,.,.,.,.,.,.,.,.,.,.,-3,-13.6,-8.3,67.8,57.2,62.5,-3,-13.7,-8.354,74,35,1,1995,10,12.00,0,2,.,2,.,.,.,.,.,.,.,.,0.66,0.15,0.81,.,24.1,.,.,.,.,.,.,.,.,.,.,.,.,24.1,.,.,.,.,.,.,18.4,23.5,25.4,0,0,0.02,0.05,.,0.12729167,.,0.12729167,.,.,.,.,.,.,.,.,.,.,.,.,.,.,.,.,.,-3,2.8,-0.1,67.8,78.9,73.35,-3,2.9,-0.051,118,35,0,1995,10,13.00,0,2,.,2,.,.,.,.,.,.,.,.,0.96,0.15,1.11,.,22.7,.,.,.,.,.,.,.,.,.,.,.,.,22.7,.,.,.,.,.,.,20.9,22,26.2,0.12,0.21,0.12,0.05,.,0.145292512,.,0.145292512,.,.,.,.,.,.,.,.,.,.,.,.,.,.,.,.,.,-3,4.1,0.55,67.8,72.8,70.3,-3,4.1,0.551,243,45,1,1995,10,13.00,0,2,.,2,.,.,.,.,.,.,.,.,0.79,0.15,0.94,.,22.3,.,.,.,.,.,.,.,.,.,.,.,.,22.3,.,.,.,.,.,.,21.4,22,24.8,-0.03,-0.03,-0.19,0.06,.,0.15043561,.,0.15043561,.,.,.,.,.,.,.,.,.,.,.,.,.,.,.,.,.,-3,2.8,-0.1,67.8,78.9,73.35,-3,2.9,-0.052,538,45,1,1995,10,13.00,0,2,.,2,.,.,.,.,.,.,.,.,0.62,0.15,0.77,.,23.6,.,.,.,.,.,.,.,.,.,.,.,.,23.6,.,.,.,.,.,.,19,23.2,24.7,-0.03,-0.03,-0.16,0.06,.,0.133720542,.,0.133720542,.,.,.,.,.,.,.,.,.,.,.,.,.,.,.,.,.,-3,4.1,0.55,67.8,72.8,70.3,-3,4.1,0.553,500,35,0,1995,10,13.00,2,1,.,1,.,.,.,.,.,.,.,.,0.74,0.15,0.89,.,23,.,.,.,.,.,.,.,.,.,.,.,.,23,.,.,.,.,.,.,32.7,22.7,25.2,-0.01,-0.01,-0.03,0.05,.,0.141435189,.,0.141435189,.,.,.,.,.,.,.,.,.,.,.,.,.,.,.,.,.,-3,-11.9,-7.45,67.8,52.2,60,-3,-12,-7.53,1322,25,1,1995,10,13.00,0,2,.,3,.,.,.,.,.,.,.,.,0.69,0.15,0.84,.,22.7,.,.,.,.,.,.,.,.,.,.,.,.,22.7,.,.,.,.,.,.,32.2,22.5,24.6,-0.03,-0.03,-0.19,0.06,.,0.145292512,.,0.145292512,.,.,.,.,.,.,.,.,.,.,.,.,.,.,.,.,.,-3,-11.9,-7.45,67.8,52.2,60,-3,-12,-7.53,1763,45,1,1995,10,13.00,0,2,.,2,.,.,.,.,.,.,.,.,0.5,0.15,0.65,.,23,.,.,.,.,.,.,.,.,.,.,.,.,23,.,.,.,.,.,.,22.7,22.7,23.3,-0.1,-0.1,-0.51,0.1,.,0.141435189,.,0.141435189,.,.,.,.,.,.,.,.,.,.,.,.,.,.,.,.,.,-3,-2.2,-2.6,67.8,60,63.9,-3,-2.2,-2.63,2025,25,1,1995,10,13.00,1,2,.,2,.,.,.,.,.,.,.,.,0.33,0.15,0.48,.,24.1,.,.,.,.,.,.,.,.,.,.,.,.,24.1,.,.,.,.,.,.,29.4,23.8,23,-0.11,-0.11,-0.52,0.11,.,0.12729167,.,0.12729167,.,.,.,.,.,.,.,.,.,.,.,.,.,.,.,.,.,-3,4.6,0.8,67.8,68.7,68.25,-3,4.6,0.82,211,45,1,1995,11,10.00,-3,1,.,3,.,.,.,.,.,.,.,.,1.16,0.15,1.31,.,23.6,.,.,.,.,.,.,.,.,.,.,.,.,23.6,.,.,.,.,.,.,19,22.5,28.1,0.46,0.71,0.49,0.1,.,0.133720542,.,0.133720542,.,.,.,.,.,.,.,.,.,.,.,.,.,.,.,.,.,-2.6,4.1,0.75,69.6,72.8,71.2,-2.6,4.2,0.82,349,45,1,1995,11,10.00,-2,1,.,3,.,.,.,.,.,.,.,.,1.01,0.15,1.16,.,23.6,.,.,.,.,.,.,.,.,.,.,.,.,23.6,.,.,.,.,.,.,19,22.7,27.2,0.32,0.47,0.34,0.07,.,0.133720542,.,0.133720542,.,.,.,.,.,.,.,.,.,.,.,.,.,.,.,.,.,-2.6,-4.6,-3.6,69.6,83.6,76.6,-2.6,-4.6,-3.62,649,45,0,1995,11,10.00,0,2,.,2,.,.,.,.,.,.,.,.,1.14,0.15,1.29,.,23.6,.,.,.,.,.,.,.,.,.,.,.,.,23.6,.,.,.,.,.,.,19,22.5,27.9,0.44,0.68,0.47,0.1,.,0.133720542,.,0.133720542,.,.,.,.,.,.,.,.,.,.,.,.,.,.,.,.,.,-2.6,2.8,0.1,69.6,78.9,74.25,-2.6,2.9,0.152,813,55,0,1995,11,10.00,1,2,.,2,.,.,.,.,.,.,.,.,0.7,0.15,0.85,.,24,.,.,.,.,.,.,.,.,.,.,.,.,24,.,.,.,.,.,.,18.9,23.4,25.5,0,0.04,0.06,0.05,.,0.128577444,.,0.128577444,.,.,.,.,.,.,.,.,.,.,.,.,.,.,.,.,.,-2.6,3.2,0.3,69.6,87.2,78.4,-2.6,3.3,0.353,382,45,0,1995,11,10.00,-1,2,.,3,.,.,.,.,.,.,.,.,0.62,0.15,0.77,.,22,.,.,.,.,.,.,.,.,.,.,.,.,22,.,.,.,.,.,.,27.6,21.7,23.3,-0.09,-0.09,-0.51,0.1,.,0.154292933,.,0.154292933,.,.,.,.,.,.,.,.,.,.,.,.,.,.,.,.,.,-2.6,-13.8,-8.2,69.6,58.9,64.25,-2.6,-13.9,-8.253,982,25,1,1995,11,10.00,0,2,.,2,.,.,.,.,.,.,.,.,1.07,0.15,1.22,.,22,.,.,.,.,.,.,.,.,.,.,.,.,22,.,.,.,.,.,.,23.8,21.4,26.4,0.15,0.25,0.12,0.05,.,0.154292933,.,0.154292933,.,.,.,.,.,.,.,.,.,.,.,.,.,.,.,.,.,-2.6,-4.6,-3.6,69.6,78.5,74.05,-2.6,-4.6,-3.63,1704,25,1,1995,11,10.00,0,2,.,3,.,.,.,.,.,.,.,.,0.75,0.15,0.9,.,22,.,.,.,.,.,.,.,.,.,.,.,.,22,.,.,.,.,.,.,36.8,21.9,24.4,-0.04,-0.04,-0.23,0.06,.,0.154292933,.,0.154292933,.,.,.,.,.,.,.,.,.,.,.,.,.,.,.,.,.,-2.6,-12.3,-7.45,69.6,53.4,61.5,-2.6,-12.4,-7.53,1764,45,1,1995,11,10.00,0,2,.,2,.,.,.,.,.,.,.,.,0.63,0.15,0.78,.,23,.,.,.,.,.,.,.,.,.,.,.,.,23,.,.,.,.,.,.,22.7,22.7,24.3,-0.05,-0.05,-0.27,0.07,.,0.141435189,.,0.141435189,.,.,.,.,.,.,.,.,.,.,.,.,.,.,.,.,.,-2.6,-2.2,-2.4,69.6,60,64.8,-2.6,-2.2,-2.43,1835,25,1,1995,11,10.00,0,2,.,2,.,.,.,.,.,.,.,.,1.12,0.15,1.27,.,22.3,.,.,.,.,.,.,.,.,.,.,.,.,22.3,.,.,.,.,.,.,31.4,21.8,27.1,0.27,0.46,0.28,0.07,.,0.15043561,.,0.15043561,.,.,.,.,.,.,.,.,.,.,.,.,.,.,.,.,.,-2.6,4.1,0.75,69.6,72.8,71.2,-2.6,4.2,0.81,6,45,0,1995,11,11.00,-1,2,.,2,.,.,.,.,.,.,.,.,1.14,0.15,1.29,.,22.7,.,.,.,.,.,.,.,.,.,.,.,.,22.7,.,.,.,.,.,.,20.9,21.8,27.3,0.32,0.51,0.31,0.07,.,0.145292512,.,0.145292512,.,.,.,.,.,.,.,.,.,.,.,.,.,.,.,.,.,-2.6,4.1,0.75,69.6,72.8,71.2,-2.6,4.2,0.81,244,45,1,1995,11,11.00,-1,2,.,2,.,.,.,.,.,.,.,.,0.79,0.15,0.94,.,22.3,.,.,.,.,.,.,.,.,.,.,.,.,22.3,.,.,.,.,.,.,21.4,22,24.8,-0.03,-0.03,-0.19,0.06,.,0.15043561,.,0.15043561,.,.,.,.,.,.,.,.,.,.,.,.,.,.,.,.,.,-2.6,2.8,0.1,69.6,78.9,74.25,-2.6,2.9,0.151,448,45,0,1995,11,11.00,0,2,.,2,.,.,.,.,.,.,.,.,0.72,0.15,0.87,.,22.7,.,.,.,.,.,.,.,.,.,.,.,.,22.7,.,.,.,.,.,.,20.9,22.4,24.6,-0.03,-0.03,-0.21,0.06,.,0.145292512,.,0.145292512,.,.,.,.,.,.,.,.,.,.,.,.,.,.,.,.,.,-2.6,4.1,0.75,69.6,72.8,71.2,-2.6,4.1,0.751,514,35,0,1995,11,11.00,0,2,.,2,.,.,.,.,.,.,.,.,0.62,0.15,0.77,.,22.3,.,.,.,.,.,.,.,.,.,.,.,.,22.3,.,.,.,.,.,.,21.4,22,23.5,-0.09,-0.09,-0.47,0.1,.,0.15043561,.,0.15043561,.,.,.,.,.,.,.,.,.,.,.,.,.,.,.,.,.,-2.6,2.8,0.1,69.6,78.9,74.25,-2.6,2.9,0.151,590,35,0,1995,11,11.00,3,1,.,2,.,.,.,.,.,.,.,.,0.64,0.15,0.79,.,22.7,.,.,.,.,.,.,.,.,.,.,.,.,22.7,.,.,.,.,.,.,20.9,22.4,24.1,-0.06,-0.06,-0.34,0.07,.,0.145292512,.,0.145292512,.,.,.,.,.,.,.,.,.,.,.,.,.,.,.,.,.,-2.6,4.6,1,69.6,68.7,69.15,-2.6,4.6,12,723,45,0,1995,11,11.00,-1,2,.,3,.,.,.,.,.,.,.,.,1.11,0.15,1.26,.,23.6,.,.,.,.,.,.,.,.,.,.,.,.,23.6,.,.,.,.,.,.,18,22.5,27.7,0.41,0.62,0.43,0.09,.,0.133720542,.,0.133720542,.,.,.,.,.,.,.,.,.,.,.,.,.,.,.,.,.,-2.6,3.6,0.5,69.6,73.8,71.7,-2.6,3.7,0.553,74,35,0,1995,11,11.00,-1,2,.,2,.,.,.,.,.,.,.,.,0.83,0.15,0.98,.,23.8,.,.,.,.,.,.,.,.,.,.,.,.,23.8,.,.,.,.,.,.,23,23.1,26.3,0.17,0.25,0.21,0.06,.,0.131148993,.,0.131148993,.,.,.,.,.,.,.,.,.,.,.,.,.,.,.,.,.,-2.6,6.9,2.15,69.6,64.7,67.15,-2.6,6.9,2.153,1323,25,1,1995,11,11.00,1,2,.,2,.,.,.,.,.,.,.,.,0.82,0.15,0.97,.,22.7,.,.,.,.,.,.,.,.,.,.,.,.,22.7,.,.,.,.,.,.,32.2,22.4,25.5,0,0,0.01,0.05,.,0.145292512,.,0.145292512,.,.,.,.,.,.,.,.,.,.,.,.,.,.,.,.,.,-2.6,-11.9,-7.25,69.6,52.2,60.9,-2.6,-12,-7.33,1397,25,1,1995,11,11.00,-1,2,.,3,.,.,.,.,.,.,.,.,0.57,0.15,0.72,.,22.7,.,.,.,.,.,.,.,.,.,.,.,.,22.7,.,.,.,.,.,.,33.8,22.5,23.7,-0.07,-0.07,-0.39,0.08,.,0.145292512,.,0.145292512,.,.,.,.,.,.,.,.,.,.,.,.,.,.,.,.,.,-2.6,-18.7,-10.65,69.6,71,70.3,-2.6,-18.8,-10.71,7,45,0,1995,11,15.00,-1,2,.,2,.,.,.,.,.,.,.,.,1.14,0.15,1.29,.,22.7,.,.,.,.,.,.,.,.,.,.,.,.,22.7,.,.,.,.,.,.,20.9,21.8,27.3,0.32,0.51,0.31,0.07,.,0.145292512,.,0.145292512,.,.,.,.,.,.,.,.,.,.,.,.,.,.,.,.,.,-2.6,4.1,0.75,69.6,72.8,71.2,-2.6,4.2,0.81,119,35,0,1995,11,15.00,0,2,.,2,.,.,.,.,.,.,.,.,0.62,0.15,0.77,.,22.7,.,.,.,.,.,.,.,.,.,.,.,.,22.7,.,.,.,.,.,.,20.9,22.4,23.9,-0.07,-0.07,-0.37,0.08,.,0.145292512,.,0.145292512,.,.,.,.,.,.,.,.,.,.,.,.,.,.,.,.,.,-2.6,4.1,0.75,69.6,72.8,71.2,-2.6,4.1,0.751,183,45,0,1995,11,15.00,0,2,.,2,.,.,.,.,.,.,.,.,0.96,0.15,1.11,.,22.7,.,.,.,.,.,.,.,.,.,.,.,.,22.7,.,.,.,.,.,.,20.9,22,26.2,0.12,0.21,0.12,0.05,.,0.145292512,.,0.145292512,.,.,.,.,.,.,.,.,.,.,.,.,.,.,.,.,.,-2.6,4.1,0.75,69.6,72.8,71.2,-2.6,4.1,0.751,245,45,1,1995,11,15.00,1,2,.,2,.,.,.,.,.,.,.,.,0.79,0.15,0.94,.,22.3,.,.,.,.,.,.,.,.,.,.,.,.,22.3,.,.,.,.,.,.,21.4,22,24.8,-0.03,-0.03,-0.19,0.06,.,0.15043561,.,0.15043561,.,.,.,.,.,.,.,.,.,.,.,.,.,.,.,.,.,-2.6,2.8,0.1,69.6,78.9,74.25,-2.6,2.9,0.151,323,35,0,1995,11,15.00,-1,2,.,3,.,.,.,.,.,.,.,.,1.19,0.15,1.34,.,22.3,.,.,.,.,.,.,.,.,.,.,.,.,22.3,.,.,.,.,.,.,10.5,21.2,27.1,0.28,0.43,0.23,0.06,.,0.15043561,.,0.15043561,.,.,.,.,.,.,.,.,.,.,.,.,.,.,.,.,.,-2.6,-11.5,-7.05,69.6,44.2,56.9,-2.6,-11.6,-7.11,379,45,0,1995,11,15.00,-1,2,.,3,.,.,.,.,.,.,.,.,0.66,0.15,0.81,.,22.3,.,.,.,.,.,.,.,.,.,.,.,.,22.3,.,.,.,.,.,.,21.4,22,23.8,-0.07,-0.07,-0.4,0.08,.,0.15043561,.,0.15043561,.,.,.,.,.,.,.,.,.,.,.,.,.,.,.,.,.,-2.6,2.8,0.1,69.6,78.9,74.25,-2.6,2.9,0.152,540,45,1,1995,11,15.00,0,2,.,2,.,.,.,.,.,.,.,.,0.96,0.15,1.11,.,23.6,.,.,.,.,.,.,.,.,.,.,.,.,23.6,.,.,.,.,.,.,19,22.7,26.9,0.27,0.39,0.29,0.07,.,0.133720542,.,0.133720542,.,.,.,.,.,.,.,.,.,.,.,.,.,.,.,.,.,-2.6,4.1,0.75,69.6,72.8,71.2,-2.6,4.1,0.753,75,35,0,1995,11,15.00,0,2,.,2,.,.,.,.,.,.,.,.,0.83,0.15,0.98,.,23.8,.,.,.,.,.,.,.,.,.,.,.,.,23.8,.,.,.,.,.,.,23,23.1,26.3,0.17,0.25,0.21,0.06,.,0.131148993,.,0.131148993,.,.,.,.,.,.,.,.,.,.,.,.,.,.,.,.,.,-2.6,6.9,2.15,69.6,64.7,67.15,-2.6,6.9,2.153,383,45,0,1995,11,15.00,-1,2,.,3,.,.,.,.,.,.,.,.,0.62,0.15,0.77,.,22,.,.,.,.,.,.,.,.,.,.,.,.,22,.,.,.,.,.,.,27.6,21.7,23.3,-0.09,-0.09,-0.51,0.1,.,0.154292933,.,0.154292933,.,.,.,.,.,.,.,.,.,.,.,.,.,.,.,.,.,-2.6,-13.8,-8.2,69.6,58.9,64.25,-2.6,-13.9,-8.253,849,25,1,1995,11,15.00,0,2,.,2,.,.,.,.,.,.,.,.,0.97,0.15,1.12,.,21.3,.,.,.,.,.,.,.,.,.,.,.,.,21.3,.,.,.,.,.,.,29.4,21,25.3,-0.01,-0.01,-0.11,0.05,.,0.163293354,.,0.163293354,.,.,.,.,.,.,.,.,.,.,.,.,.,.,.,.,.,-2.6,-17.9,-10.25,69.6,66.2,67.9,-2.6,-18,-10.33,983,25,1,1995,11,15.00,0,2,.,2,.,.,.,.,.,.,.,.,1.05,0.15,1.2,.,22,.,.,.,.,.,.,.,.,.,.,.,.,22,.,.,.,.,.,.,23.8,21.4,26.3,0.12,0.22,0.1,0.05,.,0.154292933,.,0.154292933,.,.,.,.,.,.,.,.,.,.,.,.,.,.,.,.,.,-2.6,-4.6,-3.6,69.6,78.5,74.05,-2.6,-4.6,-3.63,1398,25,1,1995,11,15.00,0,2,.,2,.,.,.,.,.,.,.,.,0.57,0.15,0.72,.,22.7,.,.,.,.,.,.,.,.,.,.,.,.,22.7,.,.,.,.,.,.,33.8,22.5,23.7,-0.07,-0.07,-0.39,0.08,.,0.145292512,.,0.145292512,.,.,.,.,.,.,.,.,.,.,.,.,.,.,.,.,.,-2.6,-18.7,-10.65,69.6,71,70.3,-2.6,-18.8,-10.73,1526,45,1,1995,11,15.00,0,2,.,3,.,.,.,.,.,.,.,.,0.72,0.15,0.87,.,23.8,.,.,.,.,.,.,.,.,.,.,.,.,23.8,.,.,.,.,.,.,30.8,23.4,25.7,0.05,0.1,0.12,0.05,.,0.131148993,.,0.131148993,.,.,.,.,.,.,.,.,.,.,.,.,.,.,.,.,.,-2.6,4.1,0.75,69.6,72.8,71.2,-2.6,4.1,0.751,449,45,0,1995,11,16.00,0,2,.,2,.,.,.,.,.,.,.,.,0.72,0.15,0.87,.,22.7,.,.,.,.,.,.,.,.,.,.,.,.,22.7,.,.,.,.,.,.,20.9,22.4,24.6,-0.03,-0.03,-0.21,0.06,.,0.145292512,.,0.145292512,.,.,.,.,.,.,.,.,.,.,.,.,.,.,.,.,.,-2.6,4.1,0.75,69.6,72.8,71.2,-2.6,4.1,0.752,140,25,1,1995,11,16.00,0,2,.,2,.,.,.,.,.,.,.,.,0.67,0.15,0.82,.,23.6,.,.,.,.,.,.,.,.,.,.,.,.,23.6,.,.,.,.,.,.,19,23.2,25.1,-0.01,-0.01,-0.08,0.05,.,0.133720542,.,0.133720542,.,.,.,.,.,.,.,.,.,.,.,.,.,.,.,.,.,-2.6,4.1,0.75,69.6,72.8,71.2,-2.6,4.1,0.752,212,45,1,1995,11,16.00,0,2,.,2,.,.,.,.,.,.,.,.,0.86,0.15,1.01,.,23.6,.,.,.,.,.,.,.,.,.,.,.,.,23.6,.,.,.,.,.,.,19,22.8,26.2,0.15,0.23,0.18,0.06,.,0.133720542,.,0.133720542,.,.,.,.,.,.,.,.,.,.,.,.,.,.,.,.,.,-2.6,4.1,0.75,69.6,72.8,71.2,-2.6,4.1,0.752,350,45,1,1995,11,16.00,1,2,.,1,.,.,.,.,.,.,.,.,0.67,0.15,0.82,.,23.6,.,.,.,.,.,.,.,.,.,.,.,.,23.6,.,.,.,.,.,.,19,23.2,25.1,-0.01,-0.01,-0.08,0.05,.,0.133720542,.,0.133720542,.,.,.,.,.,.,.,.,.,.,.,.,.,.,.,.,.,-2.6,-4.6,-3.6,69.6,83.6,76.6,-2.6,-4.6,-3.62,650,45,0,1995,11,16.00,1,2,.,1,.,.,.,.,.,.,.,.,0.8,0.15,0.95,.,23.6,.,.,.,.,.,.,.,.,.,.,.,.,23.6,.,.,.,.,.,.,19,22.9,25.9,0.07,0.13,0.1,0.05,.,0.133720542,.,0.133720542,.,.,.,.,.,.,.,.,.,.,.,.,.,.,.,.,.,-2.6,2.8,0.1,69.6,78.9,74.25,-2.6,2.9,0.152,814,55,0,1995,11,16.00,1,2,.,2,.,.,.,.,.,.,.,.,0.7,0.15,0.85,.,24,.,.,.,.,.,.,.,.,.,.,.,.,24,.,.,.,.,.,.,18.9,23.4,25.5,0,0.04,0.06,0.05,.,0.128577444,.,0.128577444,.,.,.,.,.,.,.,.,.,.,.,.,.,.,.,.,.,-2.6,3.2,0.3,69.6,87.2,78.4,-2.6,3.3,0.353,430,45,0,1995,11,16.00,1,2,.,2,.,.,.,.,.,.,.,.,0.7,0.15,0.85,.,22.3,.,.,.,.,.,.,.,.,.,.,.,.,22.3,.,.,.,.,.,.,31.9,22.1,24.3,-0.05,-0.05,-0.27,0.06,.,0.15043561,.,0.15043561,.,.,.,.,.,.,.,.,.,.,.,.,.,.,.,.,.,-2.6,3.2,0.3,69.6,82.2,75.9,-2.6,3.3,0.351,8,45,0,1995,12,11.00,1,2,.,1,.,.,.,.,.,.,.,.,1.21,0.15,1.36,.,22.7,.,.,.,.,.,.,.,.,.,.,.,.,22.7,.,.,.,.,.,.,20.9,21.8,27.7,0.38,0.62,0.38,0.08,.,0.145292512,.,0.145292512,.,.,.,.,.,.,.,.,.,.,.,.,.,.,.,.,.,-2.2,4.1,0.95,70.2,72.8,71.5,-2.2,4.2,11,184,45,0,1995,12,11.00,-1,2,.,2,.,.,.,.,.,.,.,.,0.83,0.15,0.98,.,22.7,.,.,.,.,.,.,.,.,.,.,.,.,22.7,.,.,.,.,.,.,20.9,22.2,25.4,-0.01,-0.01,-0.05,0.05,.,0.145292512,.,0.145292512,.,.,.,.,.,.,.,.,.,.,.,.,.,.,.,.,.,-2.2,4.1,0.95,70.2,72.8,71.5,-2.2,4.1,0.951,450,45,0,1995,12,11.00,0,2,.,2,.,.,.,.,.,.,.,.,0.72,0.15,0.87,.,22.7,.,.,.,.,.,.,.,.,.,.,.,.,22.7,.,.,.,.,.,.,20.9,22.4,24.6,-0.03,-0.03,-0.21,0.06,.,0.145292512,.,0.145292512,.,.,.,.,.,.,.,.,.,.,.,.,.,.,.,.,.,-2.2,4.1,0.95,70.2,72.8,71.5,-2.2,4.1,0.952,67,35,1,1995,12,11.00,1,2,.,1,.,.,.,.,.,.,.,.,0.82,0.15,0.97,.,23.6,.,.,.,.,.,.,.,.,.,.,.,.,23.6,.,.,.,.,.,.,19,22.9,26,0.1,0.16,0.13,0.05,.,0.133720542,.,0.133720542,.,.,.,.,.,.,.,.,.,.,.,.,.,.,.,.,.,-2.2,4.1,0.95,70.2,72.8,71.5,-2.2,4.1,0.952,213,45,1,1995,12,11.00,-1,2,.,2,.,.,.,.,.,.,.,.,0.97,0.15,1.12,.,23.6,.,.,.,.,.,.,.,.,.,.,.,.,23.6,.,.,.,.,.,.,19,22.7,26.9,0.28,0.41,0.3,0.07,.,0.133720542,.,0.133720542,.,.,.,.,.,.,.,.,.,.,.,.,.,.,.,.,.,-2.2,4.1,0.95,70.2,72.8,71.5,-2.2,4.1,0.952,541,45,1,1995,12,11.00,0,2,.,2,.,.,.,.,.,.,.,.,0.96,0.15,1.11,.,23.6,.,.,.,.,.,.,.,.,.,.,.,.,23.6,.,.,.,.,.,.,19,22.7,26.9,0.27,0.39,0.29,0.07,.,0.133720542,.,0.133720542,.,.,.,.,.,.,.,.,.,.,.,.,.,.,.,.,.,-2.2,4.1,0.95,70.2,72.8,71.5,-2.2,4.1,0.953,76,35,0,1995,12,11.00,0,2,.,2,.,.,.,.,.,.,.,.,0.83,0.15,0.98,.,23.8,.,.,.,.,.,.,.,.,.,.,.,.,23.8,.,.,.,.,.,.,23,23.1,26.3,0.17,0.25,0.21,0.06,.,0.131148993,.,0.131148993,.,.,.,.,.,.,.,.,.,.,.,.,.,.,.,.,.,-2.2,6.9,2.35,70.2,64.7,67.45,-2.2,6.9,2.353,431,45,0,1995,12,11.00,1,2,.,2,.,.,.,.,.,.,.,.,0.7,0.15,0.85,.,22.3,.,.,.,.,.,.,.,.,.,.,.,.,22.3,.,.,.,.,.,.,31.9,22.1,24.3,-0.05,-0.05,-0.27,0.06,.,0.15043561,.,0.15043561,.,.,.,.,.,.,.,.,.,.,.,.,.,.,.,.,.,-2.2,3.2,0.5,70.2,82.2,76.2,-2.2,3.3,0.553,1256,35,0,1995,12,11.00,-1,2,.,2,.,.,.,.,.,.,.,.,0.98,0.15,1.13,.,23.8,.,.,.,.,.,.,.,.,.,.,.,.,23.8,.,.,.,.,.,.,27.2,23.1,27.3,0.35,0.53,0.41,0.08,.,0.131148993,.,0.131148993,.,.,.,.,.,.,.,.,.,.,.,.,.,.,.,.,.,-2.2,2.5,0.15,70.2,89.4,79.8,-2.2,2.6,0.23,1875,65,0,1995,12,11.00,0,2,.,2,.,.,.,.,.,.,.,.,0.64,0.15,0.79,.,22.7,.,.,.,.,.,.,.,.,.,.,.,.,22.7,.,.,.,.,.,.,33.3,22.5,24.2,-0.05,-0.05,-0.26,0.06,.,0.145292512,.,0.145292512,.,.,.,.,.,.,.,.,.,.,.,.,.,.,.,.,.,-2.2,-12.3,-7.25,70.2,53.4,61.8,-2.2,-12.4,-7.32,577,35,0,1995,12,12.00,0,2,.,2,.,.,.,.,.,.,.,.,0.96,0.15,1.11,.,23.6,.,.,.,.,.,.,.,.,.,.,.,.,23.6,.,.,.,.,.,.,19,22.7,26.9,0.27,0.39,0.29,0.07,.,0.133720542,.,0.133720542,.,.,.,.,.,.,.,.,.,.,.,.,.,.,.,.,.,-2.2,2.8,0.3,70.2,78.9,74.55,-2.2,2.9,0.353,1706,25,1,1995,12,12.00,0,2,.,2,.,.,.,.,.,.,.,.,0.6,0.15,0.75,.,22,.,.,.,.,.,.,.,.,.,.,.,.,22,.,.,.,.,.,.,36.8,21.9,23.3,-0.09,-0.09,-0.49,0.1,.,0.154292933,.,0.154292933,.,.,.,.,.,.,.,.,.,.,.,.,.,.,.,.,.,-2.2,-12.3,-7.25,70.2,53.4,61.8,-2.2,-12.4,-7.33,2028,25,1,1995,12,12.00,1,2,.,2,.,.,.,.,.,.,.,.,0.5,0.15,0.65,.,24.1,.,.,.,.,.,.,.,.,.,.,.,.,24.1,.,.,.,.,.,.,29.4,23.8,24.4,-0.04,-0.04,-0.17,0.06,.,0.12729167,.,0.12729167,.,.,.,.,.,.,.,.,.,.,.,.,.,.,.,.,.,-2.2,4.6,1.2,70.2,68.7,69.45,-2.2,4.6,1.21,121,35,0,1995,12,14.00,0,2,.,2,.,.,.,.,.,.,.,.,0.96,0.15,1.11,.,22.7,.,.,.,.,.,.,.,.,.,.,.,.,22.7,.,.,.,.,.,.,20.9,22,26.2,0.12,0.21,0.12,0.05,.,0.145292512,.,0.145292512,.,.,.,.,.,.,.,.,.,.,.,.,.,.,.,.,.,-2.2,4.1,0.95,70.2,72.8,71.5,-2.2,4.1,0.951,247,45,1,1995,12,14.00,0,2,.,2,.,.,.,.,.,.,.,.,0.57,0.15,0.72,.,22.3,.,.,.,.,.,.,.,.,.,.,.,.,22.3,.,.,.,.,.,.,21.4,22,23.1,-0.11,-0.11,-0.57,0.12,.,0.15043561,.,0.15043561,.,.,.,.,.,.,.,.,.,.,.,.,.,.,.,.,.,-2.2,2.8,0.3,70.2,78.9,74.55,-2.2,2.9,0.351,325,35,0,1995,12,14.00,-1,2,.,3,.,.,.,.,.,.,.,.,1.19,0.15,1.34,.,22.3,.,.,.,.,.,.,.,.,.,.,.,.,22.3,.,.,.,.,.,.,10.5,21.2,27.1,0.28,0.43,0.23,0.06,.,0.15043561,.,0.15043561,.,.,.,.,.,.,.,.,.,.,.,.,.,.,.,.,.,-2.2,-11.5,-6.85,70.2,44.2,57.2,-2.2,-11.6,-6.92,68,35,1,1995,12,14.00,3,1,.,1,.,.,.,.,.,.,.,.,0.6,0.15,0.75,.,23.6,.,.,.,.,.,.,.,.,.,.,.,.,23.6,.,.,.,.,.,.,19,23.2,24.6,-0.04,-0.04,-0.2,0.06,.,0.133720542,.,0.133720542,.,.,.,.,.,.,.,.,.,.,.,.,.,.,.,.,.,-2.2,4.1,0.95,70.2,72.8,71.5,-2.2,4.1,0.952,142,25,1,1995,12,14.00,.,.,.,.,.,.,.,.,.,.,.,.,0.67,0.15,0.82,.,23.6,.,.,.,.,.,.,.,.,.,.,.,.,23.6,.,.,.,.,.,.,19,23.2,25.1,-0.01,-0.01,-0.08,0.05,.,0.133720542,.,0.133720542,.,.,.,.,.,.,.,.,.,.,.,.,.,.,.,.,.,-2.2,4.1,0.95,70.2,72.8,71.5,-2.2,4.1,0.952,214,45,1,1995,12,14.00,0,2,.,2,.,.,.,.,.,.,.,.,0.97,0.15,1.12,.,23.6,.,.,.,.,.,.,.,.,.,.,.,.,23.6,.,.,.,.,.,.,19,22.7,26.9,0.28,0.41,0.3,0.07,.,0.133720542,.,0.133720542,.,.,.,.,.,.,.,.,.,.,.,.,.,.,.,.,.,-2.2,4.1,0.95,70.2,72.8,71.5,-2.2,4.1,0.952,352,45,1,1995,12,14.00,0,2,.,2,.,.,.,.,.,.,.,.,1,0.15,1.15,.,23.6,.,.,.,.,.,.,.,.,.,.,.,.,23.6,.,.,.,.,.,.,19,22.7,27.1,0.31,0.45,0.33,0.07,.,0.133720542,.,0.133720542,.,.,.,.,.,.,.,.,.,.,.,.,.,.,.,.,.,-2.2,-4.6,-3.4,70.2,83.6,76.9,-2.2,-4.6,-3.42,488,55,1,1995,12,14.00,0,2,.,2,.,.,.,.,.,.,.,.,0.87,0.15,1.02,.,23.6,.,.,.,.,.,.,.,.,.,.,.,.,23.6,.,.,.,.,.,.,19,22.8,26.3,0.16,0.24,0.19,0.06,.,0.133720542,.,0.133720542,.,.,.,.,.,.,.,.,.,.,.,.,.,.,.,.,.,-2.2,6.9,2.35,70.2,64.7,67.45,-2.2,6.9,2.353,306,45,0,1995,12,14.00,0,2,.,2,.,.,.,.,.,.,.,.,0.96,0.15,1.11,.,21.6,.,.,.,.,.,.,.,.,.,.,.,.,21.6,.,.,.,.,.,.,33,21.3,25.5,0,0,-0.04,0.05,.,0.159436031,.,0.159436031,.,.,.,.,.,.,.,.,.,.,.,.,.,.,.,.,.,-2.2,-11.9,-7.05,70.2,52.2,61.2,-2.2,-12,-7.13,502,35,0,1995,12,14.00,0,2,.,2,.,.,.,.,.,.,.,.,0.74,0.15,0.89,.,23,.,.,.,.,.,.,.,.,.,.,.,.,23,.,.,.,.,.,.,32.7,22.7,25.2,-0.01,-0.01,-0.03,0.05,.,0.141435189,.,0.141435189,.,.,.,.,.,.,.,.,.,.,.,.,.,.,.,.,.,-2.2,-11.9,-7.05,70.2,52.2,61.2,-2.2,-12,-7.13,1876,65,0,1995,12,14.00,0,2,.,2,.,.,.,.,.,.,.,.,0.64,0.15,0.79,.,22.7,.,.,.,.,.,.,.,.,.,.,.,.,22.7,.,.,.,.,.,.,33.3,22.5,24.2,-0.05,-0.05,-0.26,0.06,.,0.145292512,.,0.145292512,.,.,.,.,.,.,.,.,.,.,.,.,.,.,.,.,.,-2.2,-12.3,-7.25,70.2,53.4,61.8,-2.2,-12.4,-7.33,1956,.,.,1995,12,14.00,1,2,.,2,.,.,.,.,.,.,.,.,1.11,0.15,1.26,.,21.6,.,.,.,.,.,.,.,.,.,.,.,.,21.6,.,.,.,.,.,.,36.2,21.3,26.6,0.17,0.31,0.16,0.06,.,0.159436031,.,0.159436031,.,.,.,.,.,.,.,.,.,.,.,.,.,.,.,.,.,-2.2,-13.6,-7.9,70.2,57.2,63.7,-2.2,-13.7,-7.951,451,45,0,1995,12,15.00,-1,2,.,3,.,.,.,.,.,.,.,.,0.72,0.15,0.87,.,22.7,.,.,.,.,.,.,.,.,.,.,.,.,22.7,.,.,.,.,.,.,20.9,22.4,24.6,-0.03,-0.03,-0.21,0.06,.,0.145292512,.,0.145292512,.,.,.,.,.,.,.,.,.,.,.,.,.,.,.,.,.,-2.2,4.1,0.95,70.2,72.8,71.5,-2.2,4.1,0.952,578,35,0,1995,12,15.00,0,2,.,2,.,.,.,.,.,.,.,.,0.96,0.15,1.11,.,23.6,.,.,.,.,.,.,.,.,.,.,.,.,23.6,.,.,.,.,.,.,19,22.7,26.9,0.27,0.39,0.29,0.07,.,0.133720542,.,0.133720542,.,.,.,.,.,.,.,.,.,.,.,.,.,.,.,.,.,-2.2,2.8,0.3,70.2,78.9,74.55,-2.2,2.9,0.352,725,45,0,1995,12,15.00,-1,2,.,3,.,.,.,.,.,.,.,.,0.64,0.15,0.79,.,23.6,.,.,.,.,.,.,.,.,.,.,.,.,23.6,.,.,.,.,.,.,18,23.2,24.9,-0.02,-0.02,-0.14,0.05,.,0.133720542,.,0.133720542,.,.,.,.,.,.,.,.,.,.,.,.,.,.,.,.,.,-2.2,3.6,0.7,70.2,73.8,72,-2.2,3.6,0.72,816,55,0,1995,12,15.00,0,2,.,2,.,.,.,.,.,.,.,.,0.7,0.15,0.85,.,24,.,.,.,.,.,.,.,.,.,.,.,.,24,.,.,.,.,.,.,18.9,23.4,25.5,0,0.04,0.06,0.05,.,0.128577444,.,0.128577444,.,.,.,.,.,.,.,.,.,.,.,.,.,.,.,.,.,-2.2,3.2,0.5,70.2,87.2,78.7,-2.2,3.3,0.553,384,45,0,1995,12,15.00,1,2,.,2,.,.,.,.,.,.,.,.,0.62,0.15,0.77,.,22,.,.,.,.,.,.,.,.,.,.,.,.,22,.,.,.,.,.,.,27.6,21.7,23.3,-0.09,-0.09,-0.51,0.1,.,0.154292933,.,0.154292933,.,.,.,.,.,.,.,.,.,.,.,.,.,.,.,.,.,-2.2,-13.8,-8,70.2,58.9,64.55,-2.2,-13.9,-8.053,1707,25,1,1995,12,15.00,0,2,.,2,.,.,.,.,.,.,.,.,0.6,0.15,0.75,.,22,.,.,.,.,.,.,.,.,.,.,.,.,22,.,.,.,.,.,.,36.8,21.9,23.3,-0.09,-0.09,-0.49,0.1,.,0.154292933,.,0.154292933,.,.,.,.,.,.,.,.,.,.,.,.,.,.,.,.,.,-2.2,-12.3,-7.25,70.2,53.4,61.8,-2.2,-12.4,-7.31,593,35,0,1995,13,9.00,0,2,.,2,.,.,.,.,.,.,.,.,0.34,0.15,0.49,.,22.7,.,.,.,.,.,.,.,.,.,.,.,.,22.7,.,.,.,.,.,.,20.9,22.3,21.6,-0.19,-0.19,-0.98,0.25,.,0.145292512,.,0.145292512,.,.,.,.,.,.,.,.,.,.,.,.,.,.,.,.,.,-2.5,4.6,1.05,68.8,68.7,68.75,-2.5,4.6,1.052,353,45,1,1995,13,9.00,0,2,.,2,.,.,.,.,.,.,.,.,0.97,0.15,1.12,.,23.6,.,.,.,.,.,.,.,.,.,.,.,.,23.6,.,.,.,.,.,.,19,22.7,26.9,0.28,0.41,0.3,0.07,.,0.133720542,.,0.133720542,.,.,.,.,.,.,.,.,.,.,.,.,.,.,.,.,.,-2.5,-4.6,-3.55,68.8,83.6,76.2,-2.5,-4.6,-3.552,653,45,0,1995,13,9.00,0,2,.,2,.,.,.,.,.,.,.,.,0.8,0.15,0.95,.,23.6,.,.,.,.,.,.,.,.,.,.,.,.,23.6,.,.,.,.,.,.,19,22.9,25.9,0.07,0.13,0.1,0.05,.,0.133720542,.,0.133720542,.,.,.,.,.,.,.,.,.,.,.,.,.,.,.,.,.,-2.5,2.8,0.15,68.8,78.9,73.85,-2.5,2.9,0.22,817,55,0,1995,13,9.00,0,2,.,2,.,.,.,.,.,.,.,.,0.62,0.15,0.77,.,24,.,.,.,.,.,.,.,.,.,.,.,.,24,.,.,.,.,.,.,18.9,23.5,25.1,-0.01,-0.01,-0.06,0.05,.,0.128577444,.,0.128577444,.,.,.,.,.,.,.,.,.,.,.,.,.,.,.,.,.,-2.5,3.2,0.35,68.8,87.2,78,-2.5,3.3,0.43,704,35,0,1995,13,9.00,0,2,.,2,.,.,.,.,.,.,.,.,0.62,0.15,0.77,.,21.3,.,.,.,.,.,.,.,.,.,.,.,.,21.3,.,.,.,.,.,.,24.3,21,22.6,-0.13,-0.13,-0.7,0.15,.,0.163293354,.,0.163293354,.,.,.,.,.,.,.,.,.,.,.,.,.,.,.,.,.,-2.5,-13.8,-8.15,68.8,58.9,63.85,-2.5,-13.9,-8.23,1258,35,0,1995,13,9.00,1,2,.,1,.,.,.,.,.,.,.,.,0.96,0.15,1.11,.,23.8,.,.,.,.,.,.,.,.,.,.,.,.,23.8,.,.,.,.,.,.,27.2,23.1,27.2,0.33,0.49,0.38,0.08,.,0.131148993,.,0.131148993,.,.,.,.,.,.,.,.,.,.,.,.,.,.,.,.,.,-2.5,2.5,0,68.8,89.4,79.1,-2.5,2.6,0.053,1401,25,1,1995,13,9.00,0,2,.,2,.,.,.,.,.,.,.,.,0.72,0.15,0.87,.,22.7,.,.,.,.,.,.,.,.,.,.,.,.,22.7,.,.,.,.,.,.,33.8,22.5,24.8,-0.02,-0.02,-0.13,0.05,.,0.145292512,.,0.145292512,.,.,.,.,.,.,.,.,.,.,.,.,.,.,.,.,.,-2.5,-18.7,-10.6,68.8,71,69.9,-2.5,-18.8,-10.653,1708,25,1,1995,13,9.00,0,2,.,2,.,.,.,.,.,.,.,.,0.75,0.15,0.9,.,22,.,.,.,.,.,.,.,.,.,.,.,.,22,.,.,.,.,.,.,36.8,21.9,24.4,-0.04,-0.04,-0.23,0.06,.,0.154292933,.,0.154292933,.,.,.,.,.,.,.,.,.,.,.,.,.,.,.,.,.,-2.5,-12.3,-7.4,68.8,53.4,61.1,-2.5,-12.4,-7.453,1765,45,1,1995,13,9.00,0,2,.,2,.,.,.,.,.,.,.,.,0.63,0.15,0.78,.,23,.,.,.,.,.,.,.,.,.,.,.,.,23,.,.,.,.,.,.,22.7,22.7,24.3,-0.05,-0.05,-0.27,0.07,.,0.141435189,.,0.141435189,.,.,.,.,.,.,.,.,.,.,.,.,.,.,.,.,.,-2.5,-2.2,-2.35,68.8,60,64.4,-2.5,-2.2,-2.353,1877,65,0,1995,13,9.00,0,2,.,2,.,.,.,.,.,.,.,.,0.77,0.15,0.92,.,22.7,.,.,.,.,.,.,.,.,.,.,.,.,22.7,.,.,.,.,.,.,33.3,22.4,25.1,-0.01,-0.01,-0.06,0.05,.,0.145292512,.,0.145292512,.,.,.,.,.,.,.,.,.,.,.,.,.,.,.,.,.,-2.5,-12.3,-7.4,68.8,53.4,61.1,-2.5,-12.4,-7.454,79,35,1,1995,13,9.00,3,1,.,2,.,.,.,.,.,.,.,.,0.58,0.15,0.73,.,24.1,.,.,.,.,.,.,.,.,.,.,.,.,24.1,.,.,.,.,.,.,18.4,23.7,24.9,-0.02,-0.02,-0.11,0.05,.,0.12729167,.,0.12729167,.,.,.,.,.,.,.,.,.,.,.,.,.,.,.,.,.,-2.5,2.8,0.15,68.8,78.9,73.85,-2.5,2.9,0.21,326,35,0,1995,13,10.00,0,2,.,2,.,.,.,.,.,.,.,.,1.21,0.15,1.36,.,22.3,.,.,.,.,.,.,.,.,.,.,.,.,22.3,.,.,.,.,.,.,10.5,21.2,27.2,0.3,0.46,0.25,0.06,.,0.15043561,.,0.15043561,.,.,.,.,.,.,.,.,.,.,.,.,.,.,.,.,.,-2.5,-11.5,-7,68.8,44.2,56.5,-2.5,-11.6,-7.051,452,45,0,1995,13,10.00,0,2,.,2,.,.,.,.,.,.,.,.,0.72,0.15,0.87,.,22.7,.,.,.,.,.,.,.,.,.,.,.,.,22.7,.,.,.,.,.,.,20.9,22.4,24.6,-0.03,-0.03,-0.21,0.06,.,0.145292512,.,0.145292512,.,.,.,.,.,.,.,.,.,.,.,.,.,.,.,.,.,-2.5,4.1,0.8,68.8,72.8,70.8,-2.5,4.1,0.82,143,25,1,1995,13,10.00,0,2,.,2,.,.,.,.,.,.,.,.,0.58,0.15,0.73,.,23.6,.,.,.,.,.,.,.,.,.,.,.,.,23.6,.,.,.,.,.,.,19,23.2,24.4,-0.04,-0.04,-0.23,0.06,.,0.133720542,.,0.133720542,.,.,.,.,.,.,.,.,.,.,.,.,.,.,.,.,.,-2.5,4.1,0.8,68.8,72.8,70.8,-2.5,4.1,0.82,726,45,0,1995,13,10.00,-1,2,.,2,.,.,.,.,.,.,.,.,0.64,0.15,0.79,.,23.6,.,.,.,.,.,.,.,.,.,.,.,.,23.6,.,.,.,.,.,.,18,23.2,24.9,-0.02,-0.02,-0.14,0.05,.,0.133720542,.,0.133720542,.,.,.,.,.,.,.,.,.,.,.,.,.,.,.,.,.,-2.5,3.6,0.55,68.8,73.8,71.3,-2.5,3.6,0.553,588,45,0,1995,13,10.00,0,2,.,2,.,.,.,.,.,.,.,.,1.06,0.15,1.21,.,22,.,.,.,.,.,.,.,.,.,.,.,.,22,.,.,.,.,.,.,27.9,21.5,26.4,0.15,0.26,0.13,0.05,.,0.154292933,.,0.154292933,.,.,.,.,.,.,.,.,.,.,.,.,.,.,.,.,.,-2.5,3.2,0.35,68.8,82.2,75.5,-2.5,3.3,0.43,1596,.,.,1995,13,10.00,0,2,.,2,.,.,.,.,.,.,.,.,1.01,0.15,1.16,.,23,.,.,.,.,.,.,.,.,.,.,.,.,23,.,.,.,.,.,.,29.9,22.4,27,0.26,0.42,0.29,0.07,.,0.141435189,.,0.141435189,.,.,.,.,.,.,.,.,.,.,.,.,.,.,.,.,.,-2.5,8.2,2.85,68.8,59.4,64.1,-2.5,8.2,2.851,327,35,0,1995,13,16.00,-1,2,.,2,.,.,.,.,.,.,.,.,0.87,0.15,1.02,.,22.3,.,.,.,.,.,.,.,.,.,.,.,.,22.3,.,.,.,.,.,.,10.5,21.8,25.2,-0.01,-0.01,-0.14,0.05,.,0.15043561,.,0.15043561,.,.,.,.,.,.,.,.,.,.,.,.,.,.,.,.,.,-2.5,-11.5,-7,68.8,44.2,56.5,-2.5,-11.6,-7.051,453,45,0,1995,13,16.00,-1,2,.,3,.,.,.,.,.,.,.,.,1.06,0.15,1.21,.,22.7,.,.,.,.,.,.,.,.,.,.,.,.,22.7,.,.,.,.,.,.,20.9,21.9,26.8,0.24,0.38,0.23,0.06,.,0.145292512,.,0.145292512,.,.,.,.,.,.,.,.,.,.,.,.,.,.,.,.,.,-2.5,4.1,0.8,68.8,72.8,70.8,-2.5,4.2,0.852,654,45,0,1995,13,16.00,0,2,.,2,.,.,.,.,.,.,.,.,0.78,0.15,0.93,.,23.6,.,.,.,.,.,.,.,.,.,.,.,.,23.6,.,.,.,.,.,.,19,23,25.7,0.04,0.09,0.07,0.05,.,0.133720542,.,0.133720542,.,.,.,.,.,.,.,.,.,.,.,.,.,.,.,.,.,-2.5,2.8,0.15,68.8,78.9,73.85,-2.5,2.9,0.23,589,45,0,1995,13,16.00,1,2,.,2,.,.,.,.,.,.,.,.,1.06,0.15,1.21,.,22,.,.,.,.,.,.,.,.,.,.,.,.,22,.,.,.,.,.,.,27.9,21.5,26.4,0.15,0.26,0.13,0.05,.,0.154292933,.,0.154292933,.,.,.,.,.,.,.,.,.,.,.,.,.,.,.,.,.,-2.5,3.2,0.35,68.8,82.2,75.5,-2.5,3.3,0.43,647,55,0,1995,13,16.00,-1,2,.,2,.,.,.,.,.,.,.,.,1.4,0.15,1.55,.,21.6,.,.,.,.,.,.,.,.,.,.,.,.,21.6,.,.,.,.,.,.,31.4,21,28.3,0.43,0.78,0.41,0.09,.,0.159436031,.,0.159436031,.,.,.,.,.,.,.,.,.,.,.,.,.,.,.,.,.,-2.5,-17.9,-10.2,68.8,66.2,67.5,-2.5,-18,-10.253,2031,25,1,1995,13,16.00,2,1,.,1,.,.,.,.,.,.,.,.,0.67,0.15,0.82,.,24.1,.,.,.,.,.,.,.,.,.,.,.,.,24.1,.,.,.,.,.,.,29.4,23.7,25.6,0.03,0.07,0.1,0.05,.,0.12729167,.,0.12729167,.,.,.,.,.,.,.,.,.,.,.,.,.,.,.,.,.,-2.5,4.6,1.05,68.8,68.7,68.75,-2.5,4.6,1.053,434,45,0,1995,13,17.00,1,2,.,2,.,.,.,.,.,.,.,.,0.7,0.15,0.85,.,22.3,.,.,.,.,.,.,.,.,.,.,.,.,22.3,.,.,.,.,.,.,31.9,22.1,24.3,-0.05,-0.05,-0.27,0.06,.,0.15043561,.,0.15043561,.,.,.,.,.,.,.,.,.,.,.,.,.,.,.,.,.,-2.5,3.2,0.35,68.8,82.2,75.5,-2.5,3.3,0.4